Частота,A * B
(kГц),(?)

0.00000000,0.00249626
0.02384186,0.00108437
0.04768372,0.00021653
0.07152557,0.00009997
0.09536743,0.00003417
0.11920929,0.00005206
0.14305115,0.00011662
0.16689301,0.00010462
0.19073486,0.00010224
0.21457672,0.00010301
0.23841858,0.00014358
0.26226044,0.00012156
0.28610229,0.00010739
0.30994415,0.00004691
0.33378601,0.00007702
0.35762787,0.00010110
0.38146973,0.00011373
0.40531158,0.00012267
0.42915344,0.00008409
0.45299530,0.00007309
0.47683716,0.00004495
0.50067902,0.00002214
0.52452087,0.00000854
0.54836273,0.00008181
0.57220459,0.00013723
0.59604645,0.00013653
0.61988831,0.00010545
0.64373016,0.00001398
0.66757202,0.00009280
0.69141388,0.00012369
0.71525574,0.00009907
0.73909760,0.00011837
0.76293945,0.00016714
0.78678131,0.00012261
0.81062317,0.00005414
0.83446503,0.00015040
0.85830688,0.00019049
0.88214874,0.00010718
0.90599060,0.00012234
0.92983246,0.00011116
0.95367432,0.00006883
0.97751617,0.00009501
1.00135803,0.00013154
1.02519989,0.00012818
1.04904175,0.00013970
1.07288361,0.00013929
1.09672546,0.00007467
1.12056732,0.00008061
1.14440918,0.00017078
1.16825104,0.00012865
1.19209290,0.00016178
1.21593475,0.00035687
1.23977661,0.00034533
1.26361847,0.00018342
1.28746033,0.00018717
1.31130219,0.00018023
1.33514404,0.00002720
1.35898590,0.00012808
1.38282776,0.00009418
1.40666962,0.00004048
1.43051147,0.00005453
1.45435333,0.00013632
1.47819519,0.00019263
1.50203705,0.00015988
1.52587891,0.00016519
1.54972076,0.00015242
1.57356262,0.00012178
1.59740448,0.00008251
1.62124634,0.00003616
1.64508820,0.00005947
1.66893005,0.00006170
1.69277191,0.00009944
1.71661377,0.00013267
1.74045563,0.00016451
1.76429749,0.00023073
1.78813934,0.00019453
1.81198120,0.00006604
1.83582306,0.00004983
1.85966492,0.00005188
1.88350677,0.00002302
1.90734863,0.00005718
1.93119049,0.00006053
1.95503235,0.00004307
1.97887421,0.00008508
2.00271606,0.00014404
2.02655792,0.00011718
2.05039978,0.00005334
2.07424164,0.00008289
2.09808350,0.00005952
2.12192535,0.00004777
2.14576721,0.00008988
2.16960907,0.00006363
2.19345093,0.00005296
2.21729279,0.00011644
2.24113464,0.00015538
2.26497650,0.00011428
2.28881836,0.00004355
2.31266022,0.00006073
2.33650208,0.00017168
2.36034393,0.00012326
2.38418579,0.00008470
2.40802765,0.00014448
2.43186951,0.00012755
2.45571136,0.00011557
2.47955322,0.00011481
2.50339508,0.00012532
2.52723694,0.00009068
2.55107880,0.00004120
2.57492065,0.00009174
2.59876251,0.00013167
2.62260437,0.00014068
2.64644623,0.00020699
2.67028809,0.00022923
2.69412994,0.00016329
2.71797180,0.00007092
2.74181366,0.00002901
2.76565552,0.00003757
2.78949738,0.00006716
2.81333923,0.00011203
2.83718109,0.00006046
2.86102295,0.00012051
2.88486481,0.00017041
2.90870667,0.00011757
2.93254852,0.00006185
2.95639038,0.00019661
2.98023224,0.00070635
3.00407410,0.00090858
3.02791595,0.00048773
3.05175781,0.00012565
3.07559967,0.00008868
3.09944153,0.00012654
3.12328339,0.00021280
3.14712524,0.00021402
3.17096710,0.00012121
3.19480896,0.00012308
3.21865082,0.00007972
3.24249268,0.00008075
3.26633453,0.00011517
3.29017639,0.00016650
3.31401825,0.00010174
3.33786011,0.00007546
3.36170197,0.00006569
3.38554382,0.00003708
3.40938568,0.00002825
3.43322754,0.00002676
3.45706940,0.00005244
3.48091125,0.00005710
3.50475311,0.00003266
3.52859497,0.00003820
3.55243683,0.00005117
3.57627869,0.00009504
3.60012054,0.00010212
3.62396240,0.00009398
3.64780426,0.00012387
3.67164612,0.00018361
3.69548798,0.00018922
3.71932983,0.00009254
3.74317169,0.00005344
3.76701355,0.00007480
3.79085541,0.00005540
3.81469727,0.00004578
3.83853912,0.00011614
3.86238098,0.00019546
3.88622284,0.00022204
3.91006470,0.00022023
3.93390656,0.00009982
3.95774841,0.00016955
3.98159027,0.00027854
4.00543213,0.00019331
4.02927399,0.00012586
4.05311584,0.00015174
4.07695770,0.00011314
4.10079956,0.00004152
4.12464142,0.00013405
4.14848328,0.00011165
4.17232513,0.00004914
4.19616699,0.00009597
4.22000885,0.00008934
4.24385071,0.00010960
4.26769257,0.00013564
4.29153442,0.00019258
4.31537628,0.00011372
4.33921814,0.00006654
4.36306000,0.00012197
4.38690186,0.00007548
4.41074371,0.00005629
4.43458557,0.00008552
4.45842743,0.00011209
4.48226929,0.00006525
4.50611115,0.00005496
4.52995300,0.00008721
4.55379486,0.00010720
4.57763672,0.00011805
4.60147858,0.00014847
4.62532043,0.00013004
4.64916229,0.00006466
4.67300415,0.00004446
4.69684601,0.00006967
4.72068787,0.00007822
4.74452972,0.00003806
4.76837158,0.00004056
4.79221344,0.00009177
4.81605530,0.00012094
4.83989716,0.00011745
4.86373901,0.00009480
4.88758087,0.00007936
4.91142273,0.00001997
4.93526459,0.00009021
4.95910645,0.00011229
4.98294830,0.00013896
5.00679016,0.00011369
5.03063202,0.00005671
5.05447388,0.00005832
5.07831573,0.00006724
5.10215759,0.00008256
5.12599945,0.00006789
5.14984131,0.00005410
5.17368317,0.00004881
5.19752502,0.00009616
5.22136688,0.00017061
5.24520874,0.00013830
5.26905060,0.00010547
5.29289246,0.00017416
5.31673431,0.00029659
5.34057617,0.00033265
5.36441803,0.00018220
5.38825989,0.00001843
5.41210175,0.00009288
5.43594360,0.00012721
5.45978546,0.00009980
5.48362732,0.00010638
5.50746918,0.00015174
5.53131104,0.00021681
5.55515289,0.00014660
5.57899475,0.00007804
5.60283661,0.00018225
5.62667847,0.00015956
5.65052032,0.00012941
5.67436218,0.00008100
5.69820404,0.00003043
5.72204590,0.00010976
5.74588776,0.00014273
5.76972961,0.00009273
5.79357147,0.00004236
5.81741333,0.00004127
5.84125519,0.00008999
5.86509705,0.00015797
5.88893890,0.00012908
5.91278076,0.00006541
5.93662262,0.00005726
5.96046448,0.00006325
5.98430634,0.00010105
6.00814819,0.00013963
6.03199005,0.00010340
6.05583191,0.00009426
6.07967377,0.00014880
6.10351563,0.00017525
6.12735748,0.00022827
6.15119934,0.00023347
6.17504120,0.00017782
6.19888306,0.00012944
6.22272491,0.00003497
6.24656677,0.00005171
6.27040863,0.00007714
6.29425049,0.00010539
6.31809235,0.00011797
6.34193420,0.00013504
6.36577606,0.00008058
6.38961792,0.00016033
6.41345978,0.00011864
6.43730164,0.00008298
6.46114349,0.00007457
6.48498535,0.00013015
6.50882721,0.00013221
6.53266907,0.00008205
6.55651093,0.00004430
6.58035278,0.00009340
6.60419464,0.00012876
6.62803650,0.00008962
6.65187836,0.00008633
6.67572021,0.00015349
6.69956207,0.00019598
6.72340393,0.00019975
6.74724579,0.00019265
6.77108765,0.00015204
6.79492950,0.00004743
6.81877136,0.00002154
6.84261322,0.00002550
6.86645508,0.00008351
6.89029694,0.00011276
6.91413879,0.00008117
6.93798065,0.00007304
6.96182251,0.00003626
6.98566437,0.00010317
7.00950623,0.00020674
7.03334808,0.00014923
7.05718994,0.00005694
7.08103180,0.00001225
7.10487366,0.00008712
7.12871552,0.00009790
7.15255737,0.00002380
7.17639923,0.00010171
7.20024109,0.00013922
7.22408295,0.00014683
7.24792480,0.00008115
7.27176666,0.00007306
7.29560852,0.00013157
7.31945038,0.00013477
7.34329224,0.00009155
7.36713409,0.00005315
7.39097595,0.00005909
7.41481781,0.00007821
7.43865967,0.00007842
7.46250153,0.00004574
7.48634338,0.00002769
7.51018524,0.00006805
7.53402710,0.00007030
7.55786896,0.00002531
7.58171082,0.00004209
7.60555267,0.00005486
7.62939453,0.00004027
7.65323639,0.00008476
7.67707825,0.00009330
7.70092010,0.00007533
7.72476196,0.00006886
7.74860382,0.00005356
7.77244568,0.00009738
7.79628754,0.00004662
7.82012939,0.00004464
7.84397125,0.00003434
7.86781311,0.00007077
7.89165497,0.00013149
7.91549683,0.00013591
7.93933868,0.00008134
7.96318054,0.00006530
7.98702240,0.00010901
8.01086426,0.00007572
8.03470612,0.00006257
8.05854797,0.00008000
8.08238983,0.00005701
8.10623169,0.00006398
8.13007355,0.00008156
8.15391541,0.00008791
8.17775726,0.00010098
8.20159912,0.00009752
8.22544098,0.00005386
8.24928284,0.00008635
8.27312469,0.00007179
8.29696655,0.00008265
8.32080841,0.00005462
8.34465027,0.00005170
8.36849213,0.00004455
8.39233398,0.00004421
8.41617584,0.00008829
8.44001770,0.00010395
8.46385956,0.00007273
8.48770142,0.00005443
8.51154327,0.00004783
8.53538513,0.00003089
8.55922699,0.00011768
8.58306885,0.00017425
8.60691071,0.00015449
8.63075256,0.00009268
8.65459442,0.00002373
8.67843628,0.00002542
8.70227814,0.00006246
8.72612000,0.00009680
8.74996185,0.00016932
8.77380371,0.00021047
8.79764557,0.00017395
8.82148743,0.00011612
8.84532928,0.00008429
8.86917114,0.00002786
8.89301300,0.00007721
8.91685486,0.00012553
8.94069672,0.00007109
8.96453857,0.00001309
8.98838043,0.00006006
9.01222229,0.00005615
9.03606415,0.00001096
9.05990601,0.00003941
9.08374786,0.00007182
9.10758972,0.00006540
9.13143158,0.00005729
9.15527344,0.00005843
9.17911530,0.00005851
9.20295715,0.00005988
9.22679901,0.00000699
9.25064087,0.00010373
9.27448273,0.00010391
9.29832458,0.00007952
9.32216644,0.00012901
9.34600830,0.00017330
9.36985016,0.00008600
9.39369202,0.00002358
9.41753387,0.00002094
9.44137573,0.00004310
9.46521759,0.00011346
9.48905945,0.00013458
9.51290131,0.00007917
9.53674316,0.00009657
9.56058502,0.00009211
9.58442688,0.00005073
9.60826874,0.00007444
9.63211060,0.00003214
9.65595245,0.00008296
9.67979431,0.00015661
9.70363617,0.00014258
9.72747803,0.00002865
9.75131989,0.00008092
9.77516174,0.00015447
9.79900360,0.00016401
9.82284546,0.00012161
9.84668732,0.00007458
9.87052917,0.00006527
9.89437103,0.00005021
9.91821289,0.00006496
9.94205475,0.00010120
9.96589661,0.00010774
9.98973846,0.00002835
10.01358032,0.00008477
10.03742218,0.00006572
10.06126404,0.00005503
10.08510590,0.00003141
10.10894775,0.00007674
10.13278961,0.00008146
10.15663147,0.00001967
10.18047333,0.00014237
10.20431519,0.00015956
10.22815704,0.00003971
10.25199890,0.00007671
10.27584076,0.00009289
10.29968262,0.00004183
10.32352448,0.00004984
10.34736633,0.00013136
10.37120819,0.00009449
10.39505005,0.00015932
10.41889191,0.00013237
10.44273376,0.00003855
10.46657562,0.00009321
10.49041748,0.00012908
10.51425934,0.00011586
10.53810120,0.00017833
10.56194305,0.00018317
10.58578491,0.00008775
10.60962677,0.00004519
10.63346863,0.00006137
10.65731049,0.00004332
10.68115234,0.00006332
10.70499420,0.00014788
10.72883606,0.00014709
10.75267792,0.00008869
10.77651978,0.00009277
10.80036163,0.00004665
10.82420349,0.00013646
10.84804535,0.00019209
10.87188721,0.00019907
10.89572906,0.00015558
10.91957092,0.00007341
10.94341278,0.00004391
10.96725464,0.00003685
10.99109650,0.00003904
11.01493835,0.00003226
11.03878021,0.00005367
11.06262207,0.00006739
11.08646393,0.00013447
11.11030579,0.00011162
11.13414764,0.00005042
11.15798950,0.00004512
11.18183136,0.00010634
11.20567322,0.00009452
11.22951508,0.00005783
11.25335693,0.00003128
11.27719879,0.00004553
11.30104065,0.00009159
11.32488251,0.00006704
11.34872437,0.00004082
11.37256622,0.00008422
11.39640808,0.00010226
11.42024994,0.00008153
11.44409180,0.00004277
11.46793365,0.00010556
11.49177551,0.00002956
11.51561737,0.00006158
11.53945923,0.00015032
11.56330109,0.00017108
11.58714294,0.00010924
11.61098480,0.00004729
11.63482666,0.00007230
11.65866852,0.00010490
11.68251038,0.00013523
11.70635223,0.00010407
11.73019409,0.00007909
11.75403595,0.00020983
11.77787781,0.00024449
11.80171967,0.00015870
11.82556152,0.00006671
11.84940338,0.00009115
11.87324524,0.00013732
11.89708710,0.00014547
11.92092896,0.00010662
11.94477081,0.00006808
11.96861267,0.00005940
11.99245453,0.00008941
12.01629639,0.00006455
12.04013824,0.00007262
12.06398010,0.00004579
12.08782196,0.00013549
12.11166382,0.00009603
12.13550568,0.00010967
12.15934753,0.00010426
12.18318939,0.00006653
12.20703125,0.00002625
12.23087311,0.00004065
12.25471497,0.00009112
12.27855682,0.00013511
12.30239868,0.00016961
12.32624054,0.00012152
12.35008240,0.00009784
12.37392426,0.00011722
12.39776611,0.00007112
12.42160797,0.00009810
12.44544983,0.00009524
12.46929169,0.00003634
12.49313354,0.00003241
12.51697540,0.00007678
12.54081726,0.00013128
12.56465912,0.00010819
12.58850098,0.00014479
12.61234283,0.00012527
12.63618469,0.00010777
12.66002655,0.00016754
12.68386841,0.00010519
12.70771027,0.00005126
12.73155212,0.00013088
12.75539398,0.00009805
12.77923584,0.00011501
12.80307770,0.00014799
12.82691956,0.00012948
12.85076141,0.00007057
12.87460327,0.00008034
12.89844513,0.00002884
12.92228699,0.00005323
12.94612885,0.00011278
12.96997070,0.00011087
12.99381256,0.00005547
13.01765442,0.00005902
13.04149628,0.00005921
13.06533813,0.00008882
13.08917999,0.00011088
13.11302185,0.00004630
13.13686371,0.00003596
13.16070557,0.00007255
13.18454742,0.00004164
13.20838928,0.00007196
13.23223114,0.00013013
13.25607300,0.00009574
13.27991486,0.00005658
13.30375671,0.00007260
13.32759857,0.00010158
13.35144043,0.00012256
13.37528229,0.00011717
13.39912415,0.00008678
13.42296600,0.00001022
13.44680786,0.00007018
13.47064972,0.00007923
13.49449158,0.00008647
13.51833344,0.00010983
13.54217529,0.00006036
13.56601715,0.00002462
13.58985901,0.00007532
13.61370087,0.00009691
13.63754272,0.00006302
13.66138458,0.00010235
13.68522644,0.00014978
13.70906830,0.00005115
13.73291016,0.00007229
13.75675201,0.00009398
13.78059387,0.00009130
13.80443573,0.00002978
13.82827759,0.00007566
13.85211945,0.00013341
13.87596130,0.00016215
13.89980316,0.00014174
13.92364502,0.00007589
13.94748688,0.00006603
13.97132874,0.00005529
13.99517059,0.00004633
14.01901245,0.00009129
14.04285431,0.00007986
14.06669617,0.00007417
14.09053802,0.00009272
14.11437988,0.00007805
14.13822174,0.00002314
14.16206360,0.00003291
14.18590546,0.00006812
14.20974731,0.00008899
14.23358917,0.00010583
14.25743103,0.00013902
14.28127289,0.00010146
14.30511475,0.00006439
14.32895660,0.00012905
14.35279846,0.00009540
14.37664032,0.00002467
14.40048218,0.00001897
14.42432404,0.00002529
14.44816589,0.00006702
14.47200775,0.00007706
14.49584961,0.00005565
14.51969147,0.00003293
14.54353333,0.00008666
14.56737518,0.00008693
14.59121704,0.00009563
14.61505890,0.00003156
14.63890076,0.00007981
14.66274261,0.00010145
14.68658447,0.00005824
14.71042633,0.00004768
14.73426819,0.00004128
14.75811005,0.00007619
14.78195190,0.00006910
14.80579376,0.00007943
14.82963562,0.00010860
14.85347748,0.00005663
14.87731934,0.00010098
14.90116119,0.00008336
14.92500305,0.00004377
14.94884491,0.00004694
14.97268677,0.00010498
14.99652863,0.00004488
15.02037048,0.00005131
15.04421234,0.00001949
15.06805420,0.00008547
15.09189606,0.00008572
15.11573792,0.00006140
15.13957977,0.00001404
15.16342163,0.00013736
15.18726349,0.00013969
15.21110535,0.00006436
15.23494720,0.00008465
15.25878906,0.00011085
15.28263092,0.00003072
15.30647278,0.00010709
15.33031464,0.00015735
15.35415649,0.00021568
15.37799835,0.00019492
15.40184021,0.00008235
15.42568207,0.00001579
15.44952393,0.00004116
15.47336578,0.00004150
15.49720764,0.00006307
15.52104950,0.00008647
15.54489136,0.00008111
15.56873322,0.00010597
15.59257507,0.00013054
15.61641693,0.00009678
15.64025879,0.00010999
15.66410065,0.00015710
15.68794250,0.00014420
15.71178436,0.00004100
15.73562622,0.00004320
15.75946808,0.00003705
15.78330994,0.00008495
15.80715179,0.00010508
15.83099365,0.00006212
15.85483551,0.00005426
15.87867737,0.00002012
15.90251923,0.00004313
15.92636108,0.00004731
15.95020294,0.00006928
15.97404480,0.00015707
15.99788666,0.00018040
16.02172852,0.00006937
16.04557037,0.00002835
16.06941223,0.00003441
16.09325409,0.00008306
16.11709595,0.00015157
16.14093781,0.00017260
16.16477966,0.00006862
16.18862152,0.00007788
16.21246338,0.00004233
16.23630524,0.00005861
16.26014709,0.00002031
16.28398895,0.00004344
16.30783081,0.00007338
16.33167267,0.00003481
16.35551453,0.00003363
16.37935638,0.00005130
16.40319824,0.00014735
16.42704010,0.00010619
16.45088196,0.00008865
16.47472382,0.00012550
16.49856567,0.00013856
16.52240753,0.00013586
16.54624939,0.00007077
16.57009125,0.00001733
16.59393311,0.00006379
16.61777496,0.00010766
16.64161682,0.00007438
16.66545868,0.00009774
16.68930054,0.00014548
16.71314240,0.00012862
16.73698425,0.00008285
16.76082611,0.00005513
16.78466797,0.00007489
16.80850983,0.00009962
16.83235168,0.00011484
16.85619354,0.00008863
16.88003540,0.00011067
16.90387726,0.00001361
16.92771912,0.00004688
16.95156097,0.00005568
16.97540283,0.00017736
16.99924469,0.00021877
17.02308655,0.00007228
17.04692841,0.00010525
17.07077026,0.00011352
17.09461212,0.00008347
17.11845398,0.00011011
17.14229584,0.00009069
17.16613770,0.00000733
17.18997955,0.00010177
17.21382141,0.00012771
17.23766327,0.00012303
17.26150513,0.00012248
17.28534698,0.00009441
17.30918884,0.00018190
17.33303070,0.00026561
17.35687256,0.00025942
17.38071442,0.00015125
17.40455627,0.00005712
17.42839813,0.00001759
17.45223999,0.00006925
17.47608185,0.00010643
17.49992371,0.00008250
17.52376556,0.00003691
17.54760742,0.00001767
17.57144928,0.00008192
17.59529114,0.00008750
17.61913300,0.00000673
17.64297485,0.00006417
17.66681671,0.00007289
17.69065857,0.00007358
17.71450043,0.00002575
17.73834229,0.00003802
17.76218414,0.00008272
17.78602600,0.00012050
17.80986786,0.00013946
17.83370972,0.00010693
17.85755157,0.00003030
17.88139343,0.00005334
17.90523529,0.00008878
17.92907715,0.00012935
17.95291901,0.00018418
17.97676086,0.00020666
18.00060272,0.00015230
18.02444458,0.00012621
18.04828644,0.00001511
18.07212830,0.00011400
18.09597015,0.00009305
18.11981201,0.00005330
18.14365387,0.00006081
18.16749573,0.00014647
18.19133759,0.00010947
18.21517944,0.00001897
18.23902130,0.00007640
18.26286316,0.00007360
18.28670502,0.00003123
18.31054688,0.00009591
18.33438873,0.00015296
18.35823059,0.00014186
18.38207245,0.00011187
18.40591431,0.00010560
18.42975616,0.00009292
18.45359802,0.00007338
18.47743988,0.00002649
18.50128174,0.00009989
18.52512360,0.00008482
18.54896545,0.00001937
18.57280731,0.00012002
18.59664917,0.00011926
18.62049103,0.00005617
18.64433289,0.00005893
18.66817474,0.00005799
18.69201660,0.00013236
18.71585846,0.00016813
18.73970032,0.00016784
18.76354218,0.00022176
18.78738403,0.00017553
18.81122589,0.00011223
18.83506775,0.00001540
18.85890961,0.00010971
18.88275146,0.00015124
18.90659332,0.00017439
18.93043518,0.00008787
18.95427704,0.00002419
18.97811890,0.00008289
19.00196075,0.00006443
19.02580261,0.00003873
19.04964447,0.00004966
19.07348633,0.00002226
19.09732819,0.00006829
19.12117004,0.00012840
19.14501190,0.00009134
19.16885376,0.00002951
19.19269562,0.00001321
19.21653748,0.00005037
19.24037933,0.00005903
19.26422119,0.00006687
19.28806305,0.00008274
19.31190491,0.00006555
19.33574677,0.00012567
19.35958862,0.00017908
19.38343048,0.00012238
19.40727234,0.00013666
19.43111420,0.00012104
19.45495605,0.00010184
19.47879791,0.00008614
19.50263977,0.00003952
19.52648163,0.00007698
19.55032349,0.00016969
19.57416534,0.00014004
19.59800720,0.00003659
19.62184906,0.00005227
19.64569092,0.00017993
19.66953278,0.00022376
19.69337463,0.00017054
19.71721649,0.00014029
19.74105835,0.00006629
19.76490021,0.00004549
19.78874207,0.00003964
19.81258392,0.00010451
19.83642578,0.00004428
19.86026764,0.00007926
19.88410950,0.00008838
19.90795135,0.00006137
19.93179321,0.00010263
19.95563507,0.00003976
19.97947693,0.00008808
20.00331879,0.00009413
20.02716064,0.00007036
20.05100250,0.00013531
20.07484436,0.00012920
20.09868622,0.00003669
20.12252808,0.00004280
20.14636993,0.00001621
20.17021179,0.00004104
20.19405365,0.00010323
20.21789551,0.00012543
20.24173737,0.00011036
20.26557922,0.00011137
20.28942108,0.00008047
20.31326294,0.00009735
20.33710480,0.00012125
20.36094666,0.00009291
20.38478851,0.00006552
20.40863037,0.00002660
20.43247223,0.00004845
20.45631409,0.00015937
20.48015594,0.00018448
20.50399780,0.00017160
20.52783966,0.00017044
20.55168152,0.00015524
20.57552338,0.00013200
20.59936523,0.00009648
20.62320709,0.00009758
20.64704895,0.00003287
20.67089081,0.00006074
20.69473267,0.00009690
20.71857452,0.00005363
20.74241638,0.00000177
20.76625824,0.00001735
20.79010010,0.00001377
20.81394196,0.00003747
20.83778381,0.00008198
20.86162567,0.00002551
20.88546753,0.00006033
20.90930939,0.00004092
20.93315125,0.00008065
20.95699310,0.00017066
20.98083496,0.00018224
21.00467682,0.00011679
21.02851868,0.00013328
21.05236053,0.00010289
21.07620239,0.00003654
21.10004425,0.00011981
21.12388611,0.00008649
21.14772797,0.00003128
21.17156982,0.00001478
21.19541168,0.00005090
21.21925354,0.00007060
21.24309540,0.00010229
21.26693726,0.00007229
21.29077911,0.00004089
21.31462097,0.00009025
21.33846283,0.00006307
21.36230469,0.00006204
21.38614655,0.00005173
21.40998840,0.00010301
21.43383026,0.00013232
21.45767212,0.00011307
21.48151398,0.00006600
21.50535583,0.00006185
21.52919769,0.00003421
21.55303955,0.00006859
21.57688141,0.00011268
21.60072327,0.00004188
21.62456512,0.00007180
21.64840698,0.00014269
21.67224884,0.00011565
21.69609070,0.00007404
21.71993256,0.00011315
21.74377441,0.00013768
21.76761627,0.00010488
21.79145813,0.00009066
21.81529999,0.00003971
21.83914185,0.00006244
21.86298370,0.00007156
21.88682556,0.00008896
21.91066742,0.00011664
21.93450928,0.00028725
21.95835114,0.01569548
21.98219299,0.06528196
22.00603485,0.08413402
22.02987671,0.03797471
22.05371857,0.00373766
22.07756042,0.00008612
22.10140228,0.00013657
22.12524414,0.00009479
22.14908600,0.00009074
22.17292786,0.00006364
22.19676971,0.00004788
22.22061157,0.00009858
22.24445343,0.00008715
22.26829529,0.00002997
22.29213715,0.00001767
22.31597900,0.00005956
22.33982086,0.00006972
22.36366272,0.00010005
22.38750458,0.00007074
22.41134644,0.00006369
22.43518829,0.00004841
22.45903015,0.00007929
22.48287201,0.00009066
22.50671387,0.00007332
22.53055573,0.00012632
22.55439758,0.00017220
22.57823944,0.00012684
22.60208130,0.00005223
22.62592316,0.00021292
22.64976501,0.00041788
22.67360687,0.00030397
22.69744873,0.00013502
22.72129059,0.00014216
22.74513245,0.00018581
22.76897430,0.00018246
22.79281616,0.00008848
22.81665802,0.00008631
22.84049988,0.00003343
22.86434174,0.00008594
22.88818359,0.00007632
22.91202545,0.00005450
22.93586731,0.00003569
22.95970917,0.00005715
22.98355103,0.00011095
23.00739288,0.00015357
23.03123474,0.00016709
23.05507660,0.00013029
23.07891846,0.00008244
23.10276031,0.00002443
23.12660217,0.00002411
23.15044403,0.00006762
23.17428589,0.00004335
23.19812775,0.00007533
23.22196960,0.00012176
23.24581146,0.00003638
23.26965332,0.00005278
23.29349518,0.00005038
23.31733704,0.00016585
23.34117889,0.00022990
23.36502075,0.00017063
23.38886261,0.00009508
23.41270447,0.00007416
23.43654633,0.00006571
23.46038818,0.00005084
23.48423004,0.00011224
23.50807190,0.00012154
23.53191376,0.00011798
23.55575562,0.00015200
23.57959747,0.00014897
23.60343933,0.00012131
23.62728119,0.00008152
23.65112305,0.00010090
23.67496490,0.00018742
23.69880676,0.00016426
23.72264862,0.00009748
23.74649048,0.00016388
23.77033234,0.00017374
23.79417419,0.00004316
23.81801605,0.00012583
23.84185791,0.00015876
23.86569977,0.00009328
23.88954163,0.00008750
23.91338348,0.00007874
23.93722534,0.00013258
23.96106720,0.00023155
23.98490906,0.00026401
24.00875092,0.00020549
24.03259277,0.00005897
24.05643463,0.00009344
24.08027649,0.00003216
24.10411835,0.00013473
24.12796021,0.00013683
24.15180206,0.00014052
24.17564392,0.00018434
24.19948578,0.00011307
24.22332764,0.00000663
24.24716949,0.00007165
24.27101135,0.00014036
24.29485321,0.00011847
24.31869507,0.00008554
24.34253693,0.00008676
24.36637878,0.00013475
24.39022064,0.00017577
24.41406250,0.00016315
24.43790436,0.00009950
24.46174622,0.00010915
24.48558807,0.00014808
24.50942993,0.00012578
24.53327179,0.00007505
24.55711365,0.00004313
24.58095551,0.00003896
24.60479736,0.00004945
24.62863922,0.00010805
24.65248108,0.00007877
24.67632294,0.00005182
24.70016479,0.00004672
24.72400665,0.00008857
24.74784851,0.00006174
24.77169037,0.00010811
24.79553223,0.00005588
24.81937408,0.00005844
24.84321594,0.00008233
24.86705780,0.00014546
24.89089966,0.00009571
24.91474152,0.00033417
24.93858337,0.00167623
24.96242523,0.04397931
24.98626709,0.14553460
25.01010895,0.15765010
25.03395081,0.05810386
25.05779266,0.00368436
25.08163452,0.00026906
25.10547638,0.00023485
25.12931824,0.00002453
25.15316010,0.00019642
25.17700195,0.00006790
25.20084381,0.00008444
25.22468567,0.00003051
25.24852753,0.00005385
25.27236938,0.00012510
25.29621124,0.00012665
25.32005310,0.00012559
25.34389496,0.00012032
25.36773682,0.00013607
25.39157867,0.00006445
25.41542053,0.00002199
25.43926239,0.00001288
25.46310425,0.00004017
25.48694611,0.00006947
25.51078796,0.00003347
25.53462982,0.00006059
25.55847168,0.00004624
25.58231354,0.00002545
25.60615540,0.00008316
25.62999725,0.00003650
25.65383911,0.00006715
25.67768097,0.00005946
25.70152283,0.00014277
25.72536469,0.00012529
25.74920654,0.00015218
25.77304840,0.00019509
25.79689026,0.00015214
25.82073212,0.00015308
25.84457397,0.00014126
25.86841583,0.00015329
25.89225769,0.00010635
25.91609955,0.00009251
25.93994141,0.00009285
25.96378326,0.00009101
25.98762512,0.00001900
26.01146698,0.00003805
26.03530884,0.00005470
26.05915070,0.00007896
26.08299255,0.00009032
26.10683441,0.00009743
26.13067627,0.00007426
26.15451813,0.00007657
26.17835999,0.00007030
26.20220184,0.00002347
26.22604370,0.00009156
26.24988556,0.00009043
26.27372742,0.00008697
26.29756927,0.00009916
26.32141113,0.00009775
26.34525299,0.00005868
26.36909485,0.00009017
26.39293671,0.00011582
26.41677856,0.00012759
26.44062042,0.00011013
26.46446228,0.00007241
26.48830414,0.00005006
26.51214600,0.00005063
26.53598785,0.00007622
26.55982971,0.00010642
26.58367157,0.00014673
26.60751343,0.00016798
26.63135529,0.00015097
26.65519714,0.00012898
26.67903900,0.00010594
26.70288086,0.00003539
26.72672272,0.00004348
26.75056458,0.00003826
26.77440643,0.00003486
26.79824829,0.00007162
26.82209015,0.00010823
26.84593201,0.00008737
26.86977386,0.00003452
26.89361572,0.00004454
26.91745758,0.00008173
26.94129944,0.00009809
26.96514130,0.00008474
26.98898315,0.00006061
27.01282501,0.00014189
27.03666687,0.00019222
27.06050873,0.00014271
27.08435059,0.00005539
27.10819244,0.00002340
27.13203430,0.00002174
27.15587616,0.00008689
27.17971802,0.00009526
27.20355988,0.00004120
27.22740173,0.00003946
27.25124359,0.00009940
27.27508545,0.00009345
27.29892731,0.00005454
27.32276917,0.00006844
27.34661102,0.00007197
27.37045288,0.00000817
27.39429474,0.00003318
27.41813660,0.00003624
27.44197845,0.00006356
27.46582031,0.00016615
27.48966217,0.00017731
27.51350403,0.00007870
27.53734589,0.00007827
27.56118774,0.00009029
27.58502960,0.00005340
27.60887146,0.00007811
27.63271332,0.00002033
27.65655518,0.00005887
27.68039703,0.00004168
27.70423889,0.00011230
27.72808075,0.00010809
27.75192261,0.00003797
27.77576447,0.00003098
27.79960632,0.00002108
27.82344818,0.00002680
27.84729004,0.00008018
27.87113190,0.00009884
27.89497375,0.00006610
27.91881561,0.00007074
27.94265747,0.00183746
27.96649933,0.02980608
27.99034119,0.07979203
28.01418304,0.07271001
28.03802490,0.02162140
28.06186676,0.00071623
28.08570862,0.00003197
28.10955048,0.00014739
28.13339233,0.00012170
28.15723419,0.00009301
28.18107605,0.00011295
28.20491791,0.00010924
28.22875977,0.00007176
28.25260162,0.00005209
28.27644348,0.00004295
28.30028534,0.00007214
28.32412720,0.00012970
28.34796906,0.00008440
28.37181091,0.00004389
28.39565277,0.00009334
28.41949463,0.00008009
28.44333649,0.00004007
28.46717834,0.00000721
28.49102020,0.00004673
28.51486206,0.00003258
28.53870392,0.00001486
28.56254578,0.00008107
28.58638763,0.00012631
28.61022949,0.00012340
28.63407135,0.00014326
28.65791321,0.00012142
28.68175507,0.00010221
28.70559692,0.00009297
28.72943878,0.00012865
28.75328064,0.00013928
28.77712250,0.00011335
28.80096436,0.00005085
28.82480621,0.00006202
28.84864807,0.00016288
28.87248993,0.00015246
28.89633179,0.00007440
28.92017365,0.00005187
28.94401550,0.00015902
28.96785736,0.00020647
28.99169922,0.00014063
29.01554108,0.00005962
29.03938293,0.00008227
29.06322479,0.00008170
29.08706665,0.00001473
29.11090851,0.00005819
29.13475037,0.00006982
29.15859222,0.00005772
29.18243408,0.00011899
29.20627594,0.00017679
29.23011780,0.00012483
29.25395966,0.00005227
29.27780151,0.00001378
29.30164337,0.00013392
29.32548523,0.00015372
29.34932709,0.00006990
29.37316895,0.00004129
29.39701080,0.00006749
29.42085266,0.00007276
29.44469452,0.00004329
29.46853638,0.00007608
29.49237823,0.00007902
29.51622009,0.00003290
29.54006195,0.00002751
29.56390381,0.00008170
29.58774567,0.00012383
29.61158752,0.00009098
29.63542938,0.00005886
29.65927124,0.00005786
29.68311310,0.00010413
29.70695496,0.00018220
29.73079681,0.00014684
29.75463867,0.00008420
29.77848053,0.00003796
29.80232239,0.00002859
29.82616425,0.00006105
29.85000610,0.00006785
29.87384796,0.00009729
29.89768982,0.00010911
29.92153168,0.00010810
29.94537354,0.00010732
29.96921539,0.00006205
29.99305725,0.00001902
30.01689911,0.00005561
30.04074097,0.00011542
30.06458282,0.00006453
30.08842468,0.00004768
30.11226654,0.00006133
30.13610840,0.00009846
30.15995026,0.00013973
30.18379211,0.00011654
30.20763397,0.00009877
30.23147583,0.00008155
30.25531769,0.00005080
30.27915955,0.00004246
30.30300140,0.00006019
30.32684326,0.00010152
30.35068512,0.00012023
30.37452698,0.00010175
30.39836884,0.00007498
30.42221069,0.00006346
30.44605255,0.00012750
30.46989441,0.00015707
30.49373627,0.00010504
30.51757813,0.00005729
30.54141998,0.00011842
30.56526184,0.00012493
30.58910370,0.00013226
30.61294556,0.00005486
30.63678741,0.00009276
30.66062927,0.00020161
30.68447113,0.00010552
30.70831299,0.00007682
30.73215485,0.00010931
30.75599670,0.00010833
30.77983856,0.00007783
30.80368042,0.00006690
30.82752228,0.00010827
30.85136414,0.00010595
30.87520599,0.00008427
30.89904785,0.00008301
30.92288971,0.00006600
30.94673157,0.00004190
30.97057343,0.00002836
30.99441528,0.00008684
31.01825714,0.00006577
31.04209900,0.00004572
31.06594086,0.00008898
31.08978271,0.00007984
31.11362457,0.00001053
31.13746643,0.00005336
31.16130829,0.00007380
31.18515015,0.00010928
31.20899200,0.00011798
31.23283386,0.00013516
31.25667572,0.00018975
31.28051758,0.00022423
31.30435944,0.00025211
31.32820129,0.00019488
31.35204315,0.00009378
31.37588501,0.00004496
31.39972687,0.00003961
31.42356873,0.00009487
31.44741058,0.00014846
31.47125244,0.00017025
31.49509430,0.00018783
31.51893616,0.00014478
31.54277802,0.00008007
31.56661987,0.00004302
31.59046173,0.00008100
31.61430359,0.00011598
31.63814545,0.00011092
31.66198730,0.00003108
31.68582916,0.00010746
31.70967102,0.00012923
31.73351288,0.00003836
31.75735474,0.00002714
31.78119659,0.00011169
31.80503845,0.00020696
31.82888031,0.00018698
31.85272217,0.00011966
31.87656403,0.00010882
31.90040588,0.00013879
31.92424774,0.00012830
31.94808960,0.00001455
31.97193146,0.00014208
31.99577332,0.00017970
32.01961517,0.00006389
32.04345703,0.00012269
32.06729889,0.00011616
32.09114075,0.00004626
32.11498260,0.00005196
32.13882446,0.00009582
32.16266632,0.00005909
32.18650818,0.00005670
32.21035004,0.00002668
32.23419189,0.00007116
32.25803375,0.00008407
32.28187561,0.00003712
32.30571747,0.00007560
32.32955933,0.00011967
32.35340118,0.00005040
32.37724304,0.00007796
32.40108490,0.00009547
32.42492676,0.00007216
32.44876862,0.00007457
32.47261047,0.00012339
32.49645233,0.00016362
32.52029419,0.00015160
32.54413605,0.00010817
32.56797791,0.00006646
32.59181976,0.00006430
32.61566162,0.00013506
32.63950348,0.00017864
32.66334534,0.00016563
32.68718719,0.00010796
32.71102905,0.00006454
32.73487091,0.00006194
32.75871277,0.00005233
32.78255463,0.00005869
32.80639648,0.00012853
32.83023834,0.00013635
32.85408020,0.00004259
32.87792206,0.00009646
32.90176392,0.00007914
32.92560577,0.00006437
32.94944763,0.00002713
32.97328949,0.00006761
32.99713135,0.00011763
33.02097321,0.00013602
33.04481506,0.00019201
33.06865692,0.00013924
33.09249878,0.00003010
33.11634064,0.00008633
33.14018250,0.00013628
33.16402435,0.00004908
33.18786621,0.00006264
33.21170807,0.00008052
33.23554993,0.00010160
33.25939178,0.00001114
33.28323364,0.00006666
33.30707550,0.00005521
33.33091736,0.00001405
33.35475922,0.00010856
33.37860107,0.00017963
33.40244293,0.00018268
33.42628479,0.00013614
33.45012665,0.00008901
33.47396851,0.00002734
33.49781036,0.00004300
33.52165222,0.00008132
33.54549408,0.00008973
33.56933594,0.00007372
33.59317780,0.00009862
33.61701965,0.00008732
33.64086151,0.00002657
33.66470337,0.00001284
33.68854523,0.00005596
33.71238708,0.00006445
33.73622894,0.00006621
33.76007080,0.00004788
33.78391266,0.00007057
33.80775452,0.00014377
33.83159637,0.00018606
33.85543823,0.00020016
33.87928009,0.00012727
33.90312195,0.00004138
33.92696381,0.00006740
33.95080566,0.00007036
33.97464752,0.00016178
33.99848938,0.00023197
34.02233124,0.00016470
34.04617310,0.00009049
34.07001495,0.00011509
34.09385681,0.00009979
34.11769867,0.00003177
34.14154053,0.00009170
34.16538239,0.00012881
34.18922424,0.00004204
34.21306610,0.00008033
34.23690796,0.00009463
34.26074982,0.00004285
34.28459167,0.00003361
34.30843353,0.00004492
34.33227539,0.00005083
34.35611725,0.00009503
34.37995911,0.00018951
34.40380096,0.00020435
34.42764282,0.00017563
34.45148468,0.00017313
34.47532654,0.00011091
34.49916840,0.00001789
34.52301025,0.00005730
34.54685211,0.00006780
34.57069397,0.00005979
34.59453583,0.00006915
34.61837769,0.00007352
34.64221954,0.00006981
34.66606140,0.00006958
34.68990326,0.00010762
34.71374512,0.00009417
34.73758698,0.00003979
34.76142883,0.00004755
34.78527069,0.00009634
34.80911255,0.00014741
34.83295441,0.00017804
34.85679626,0.00016484
34.88063812,0.00009570
34.90447998,0.00002419
34.92832184,0.00006684
34.95216370,0.00001496
34.97600555,0.00002507
34.99984741,0.00004198
35.02368927,0.00005238
35.04753113,0.00003602
35.07137299,0.00007409
35.09521484,0.00011056
35.11905670,0.00012356
35.14289856,0.00011942
35.16674042,0.00010095
35.19058228,0.00004377
35.21442413,0.00001080
35.23826599,0.00002152
35.26210785,0.00005030
35.28594971,0.00008382
35.30979156,0.00001979
35.33363342,0.00005032
35.35747528,0.00005100
35.38131714,0.00005505
35.40515900,0.00004719
35.42900085,0.00004952
35.45284271,0.00003656
35.47668457,0.00005251
35.50052643,0.00007033
35.52436829,0.00007670
35.54821014,0.00011066
35.57205200,0.00013261
35.59589386,0.00005146
35.61973572,0.00001933
35.64357758,0.00007839
35.66741943,0.00005511
35.69126129,0.00003751
35.71510315,0.00003557
35.73894501,0.00002575
35.76278687,0.00010251
35.78662872,0.00014854
35.81047058,0.00014012
35.83431244,0.00014769
35.85815430,0.00014420
35.88199615,0.00008907
35.90583801,0.00006967
35.92967987,0.00005091
35.95352173,0.00010363
35.97736359,0.00013990
36.00120544,0.00010449
36.02504730,0.00015760
36.04888916,0.00015354
36.07273102,0.00012975
36.09657288,0.00011382
36.12041473,0.00010679
36.14425659,0.00014673
36.16809845,0.00009024
36.19194031,0.00006642
36.21578217,0.00009485
36.23962402,0.00015436
36.26346588,0.00015511
36.28730774,0.00011651
36.31114960,0.00010573
36.33499146,0.00008367
36.35883331,0.00001476
36.38267517,0.00007291
36.40651703,0.00007668
36.43035889,0.00007439
36.45420074,0.00009413
36.47804260,0.00005073
36.50188446,0.00012094
36.52572632,0.00018326
36.54956818,0.00020391
36.57341003,0.00015072
36.59725189,0.00002767
36.62109375,0.00007315
36.64493561,0.00007263
36.66877747,0.00005429
36.69261932,0.00008472
36.71646118,0.00016429
36.74030304,0.00017556
36.76414490,0.00008536
36.78798676,0.00011073
36.81182861,0.00009840
36.83567047,0.00007973
36.85951233,0.00011909
36.88335419,0.00006809
36.90719604,0.00007502
36.93103790,0.00004962
36.95487976,0.00009727
36.97872162,0.00018185
37.00256348,0.00017190
37.02640533,0.00007159
37.05024719,0.00003108
37.07408905,0.00008001
37.09793091,0.00014190
37.12177277,0.00018038
37.14561462,0.00010157
37.16945648,0.00005767
37.19329834,0.00003205
37.21714020,0.00002082
37.24098206,0.00001799
37.26482391,0.00004199
37.28866577,0.00002578
37.31250763,0.00003606
37.33634949,0.00007076
37.36019135,0.00008616
37.38403320,0.00010041
37.40787506,0.00012237
37.43171692,0.00007807
37.45555878,0.00002577
37.47940063,0.00010830
37.50324249,0.00012201
37.52708435,0.00009771
37.55092621,0.00005678
37.57476807,0.00004360
37.59860992,0.00013374
37.62245178,0.00018601
37.64629364,0.00011485
37.67013550,0.00009603
37.69397736,0.00010221
37.71781921,0.00002358
37.74166107,0.00005870
37.76550293,0.00004841
37.78934479,0.00006672
37.81318665,0.00004163
37.83702850,0.00011643
37.86087036,0.00019611
37.88471222,0.00013825
37.90855408,0.00007362
37.93239594,0.00002445
37.95623779,0.00009120
37.98007965,0.00011738
38.00392151,0.00011981
38.02776337,0.00010496
38.05160522,0.00004015
38.07544708,0.00005849
38.09928894,0.00008008
38.12313080,0.00009439
38.14697266,0.00008424
38.17081451,0.00003055
38.19465637,0.00007187
38.21849823,0.00010841
38.24234009,0.00009949
38.26618195,0.00007888
38.29002380,0.00005241
38.31386566,0.00020441
38.33770752,0.00020957
38.36154938,0.00010947
38.38539124,0.00002427
38.40923309,0.00004914
38.43307495,0.00009145
38.45691681,0.00006031
38.48075867,0.00002374
38.50460052,0.00002332
38.52844238,0.00002811
38.55228424,0.00004352
38.57612610,0.00005531
38.59996796,0.00007596
38.62380981,0.00009943
38.64765167,0.00008156
38.67149353,0.00003820
38.69533539,0.00003893
38.71917725,0.00003066
38.74301910,0.00005077
38.76686096,0.00003166
38.79070282,0.00005794
38.81454468,0.00009373
38.83838654,0.00009214
38.86222839,0.00006529
38.88607025,0.00005509
38.90991211,0.00011297
38.93375397,0.00017356
38.95759583,0.00012969
38.98143768,0.00010175
39.00527954,0.00015998
39.02912140,0.00019369
39.05296326,0.00017143
39.07680511,0.00016687
39.10064697,0.00017164
39.12448883,0.00016830
39.14833069,0.00013749
39.17217255,0.00007246
39.19601440,0.00005093
39.21985626,0.00001156
39.24369812,0.00001869
39.26753998,0.00003458
39.29138184,0.00005757
39.31522369,0.00006817
39.33906555,0.00009591
39.36290741,0.00006526
39.38674927,0.00007016
39.41059113,0.00006650
39.43443298,0.00006120
39.45827484,0.00005285
39.48211670,0.00005499
39.50595856,0.00006157
39.52980042,0.00005146
39.55364227,0.00008102
39.57748413,0.00011791
39.60132599,0.00018101
39.62516785,0.00012264
39.64900970,0.00005961
39.67285156,0.00009859
39.69669342,0.00007189
39.72053528,0.00002030
39.74437714,0.00001128
39.76821899,0.00003128
39.79206085,0.00003611
39.81590271,0.00001370
39.83974457,0.00001619
39.86358643,0.00006648
39.88742828,0.00012341
39.91127014,0.00015389
39.93511200,0.00011329
39.95895386,0.00002135
39.98279572,0.00009176
40.00663757,0.00008025
40.03047943,0.00009077
40.05432129,0.00007422
40.07816315,0.00005555
40.10200500,0.00003551
40.12584686,0.00001688
40.14968872,0.00004778
40.17353058,0.00004080
40.19737244,0.00000531
40.22121429,0.00007325
40.24505615,0.00010378
40.26889801,0.00008491
40.29273987,0.00010579
40.31658173,0.00014954
40.34042358,0.00010572
40.36426544,0.00006636
40.38810730,0.00009104
40.41194916,0.00006084
40.43579102,0.00013927
40.45963287,0.00012256
40.48347473,0.00002864
40.50731659,0.00006288
40.53115845,0.00014190
40.55500031,0.00017481
40.57884216,0.00019697
40.60268402,0.00025084
40.62652588,0.00023703
40.65036774,0.00017207
40.67420959,0.00012350
40.69805145,0.00010521
40.72189331,0.00017303
40.74573517,0.00013069
40.76957703,0.00006107
40.79341888,0.00008746
40.81726074,0.00008171
40.84110260,0.00006494
40.86494446,0.00006128
40.88878632,0.00003587
40.91262817,0.00010856
40.93647003,0.00020135
40.96031189,0.00016201
40.98415375,0.00007965
41.00799561,0.00003729
41.03183746,0.00001110
41.05567932,0.00006565
41.07952118,0.00009056
41.10336304,0.00006384
41.12720490,0.00001282
41.15104675,0.00002934
41.17488861,0.00002220
41.19873047,0.00002421
41.22257233,0.00001262
41.24641418,0.00006672
41.27025604,0.00014117
41.29409790,0.00010454
41.31793976,0.00019791
41.34178162,0.00024985
41.36562347,0.00018287
41.38946533,0.00015986
41.41330719,0.00018108
41.43714905,0.00010403
41.46099091,0.00007354
41.48483276,0.00008084
41.50867462,0.00005715
41.53251648,0.00006576
41.55635834,0.00001341
41.58020020,0.00009947
41.60404205,0.00010394
41.62788391,0.00009222
41.65172577,0.00004437
41.67556763,0.00006722
41.69940948,0.00009192
41.72325134,0.00001012
41.74709320,0.00011192
41.77093506,0.00014236
41.79477692,0.00010815
41.81861877,0.00011407
41.84246063,0.00010311
41.86630249,0.00011955
41.89014435,0.00007426
41.91398621,0.00010006
41.93782806,0.00015327
41.96166992,0.00011086
41.98551178,0.00007178
42.00935364,0.00001690
42.03319550,0.00010641
42.05703735,0.00013422
42.08087921,0.00008062
42.10472107,0.00011139
42.12856293,0.00011210
42.15240479,0.00005589
42.17624664,0.00004414
42.20008850,0.00002380
42.22393036,0.00003458
42.24777222,0.00004732
42.27161407,0.00010848
42.29545593,0.00012996
42.31929779,0.00003349
42.34313965,0.00011418
42.36698151,0.00020052
42.39082336,0.00020221
42.41466522,0.00011433
42.43850708,0.00003874
42.46234894,0.00013750
42.48619080,0.00009121
42.51003265,0.00008371
42.53387451,0.00003711
42.55771637,0.00007453
42.58155823,0.00005950
42.60540009,0.00004835
42.62924194,0.00012195
42.65308380,0.00021341
42.67692566,0.00021528
42.70076752,0.00014560
42.72460938,0.00011387
42.74845123,0.00007067
42.77229309,0.00006735
42.79613495,0.00007114
42.81997681,0.00008034
42.84381866,0.00007981
42.86766052,0.00006586
42.89150238,0.00004839
42.91534424,0.00003584
42.93918610,0.00004483
42.96302795,0.00009280
42.98686981,0.00002377
43.01071167,0.00008976
43.03455353,0.00009054
43.05839539,0.00002408
43.08223724,0.00008469
43.10607910,0.00014906
43.12992096,0.00016600
43.15376282,0.00014183
43.17760468,0.00009510
43.20144653,0.00008081
43.22528839,0.00004570
43.24913025,0.00001586
43.27297211,0.00003069
43.29681396,0.00001955
43.32065582,0.00005223
43.34449768,0.00008578
43.36833954,0.00002866
43.39218140,0.00005658
43.41602325,0.00003587
43.43986511,0.00009958
43.46370697,0.00012413
43.48754883,0.00010433
43.51139069,0.00012681
43.53523254,0.00010104
43.55907440,0.00010782
43.58291626,0.00013878
43.60675812,0.00010972
43.63059998,0.00006558
43.65444183,0.00007115
43.67828369,0.00012936
43.70212555,0.00006826
43.72596741,0.00004716
43.74980927,0.00005850
43.77365112,0.00003065
43.79749298,0.00004733
43.82133484,0.00007684
43.84517670,0.00006244
43.86901855,0.00012219
43.89286041,0.00014772
43.91670227,0.00005455
43.94054413,0.00003309
43.96438599,0.00014829
43.98822784,0.00020412
44.01206970,0.00009179
44.03591156,0.00013081
44.05975342,0.00012541
44.08359528,0.00004104
44.10743713,0.00007332
44.13127899,0.00009312
44.15512085,0.00008723
44.17896271,0.00012072
44.20280457,0.00021624
44.22664642,0.00022933
44.25048828,0.00017702
44.27433014,0.00011117
44.29817200,0.00001144
44.32201385,0.00005770
44.34585571,0.00016865
44.36969757,0.00011216
44.39353943,0.00010714
44.41738129,0.00012908
44.44122314,0.00013215
44.46506500,0.00009575
44.48890686,0.00006303
44.51274872,0.00004902
44.53659058,0.00008336
44.56043243,0.00006342
44.58427429,0.00003384
44.60811615,0.00002955
44.63195801,0.00014174
44.65579987,0.00029518
44.67964172,0.00027326
44.70348358,0.00021161
44.72732544,0.00019371
44.75116730,0.00016606
44.77500916,0.00017446
44.79885101,0.00016857
44.82269287,0.00014560
44.84653473,0.00010026
44.87037659,0.00007441
44.89421844,0.00002013
44.91806030,0.00008659
44.94190216,0.00009149
44.96574402,0.00009373
44.98958588,0.00010322
45.01342773,0.00002724
45.03726959,0.00006857
45.06111145,0.00011216
45.08495331,0.00008040
45.10879517,0.00013232
45.13263702,0.00006189
45.15647888,0.00010241
45.18032074,0.00012642
45.20416260,0.00013783
45.22800446,0.00008959
45.25184631,0.00008367
45.27568817,0.00016904
45.29953003,0.00008875
45.32337189,0.00004754
45.34721375,0.00001960
45.37105560,0.00008524
45.39489746,0.00015792
45.41873932,0.00011303
45.44258118,0.00004778
45.46642303,0.00003399
45.49026489,0.00007527
45.51410675,0.00011650
45.53794861,0.00008409
45.56179047,0.00009803
45.58563232,0.00012992
45.60947418,0.00013070
45.63331604,0.00015404
45.65715790,0.00015810
45.68099976,0.00009939
45.70484161,0.00009327
45.72868347,0.00006499
45.75252533,0.00007524
45.77636719,0.00007274
45.80020905,0.00004695
45.82405090,0.00006907
45.84789276,0.00005760
45.87173462,0.00003693
45.89557648,0.00006628
45.91941833,0.00002933
45.94326019,0.00004298
45.96710205,0.00005081
45.99094391,0.00011086
46.01478577,0.00006330
46.03862762,0.00011656
46.06246948,0.00009535
46.08631134,0.00013384
46.11015320,0.00019568
46.13399506,0.00014209
46.15783691,0.00003712
46.18167877,0.00009236
46.20552063,0.00010924
46.22936249,0.00005376
46.25320435,0.00001071
46.27704620,0.00005258
46.30088806,0.00004536
46.32472992,0.00004547
46.34857178,0.00008897
46.37241364,0.00017426
46.39625549,0.00023785
46.42009735,0.00027617
46.44393921,0.00024367
46.46778107,0.00016200
46.49162292,0.00013183
46.51546478,0.00007374
46.53930664,0.00003282
46.56314850,0.00014080
46.58699036,0.00019042
46.61083221,0.00017081
46.63467407,0.00005426
46.65851593,0.00010623
46.68235779,0.00013671
46.70619965,0.00007820
46.73004150,0.00008576
46.75388336,0.00001968
46.77772522,0.00004105
46.80156708,0.00002694
46.82540894,0.00005889
46.84925079,0.00006366
46.87309265,0.00005453
46.89693451,0.00008823
46.92077637,0.00011664
46.94461823,0.00005354
46.96846008,0.00017532
46.99230194,0.00024756
47.01614380,0.00010256
47.03998566,0.00002797
47.06382751,0.00006516
47.08766937,0.00014821
47.11151123,0.00020325
47.13535309,0.00011111
47.15919495,0.00010722
47.18303680,0.00009139
47.20687866,0.00014360
47.23072052,0.00020578
47.25456238,0.00015928
47.27840424,0.00018925
47.30224609,0.00023791
47.32608795,0.00018643
47.34992981,0.00015486
47.37377167,0.00012662
47.39761353,0.00012138
47.42145538,0.00017033
47.44529724,0.00015417
47.46913910,0.00006220
47.49298096,0.00004170
47.51682281,0.00002498
47.54066467,0.00004896
47.56450653,0.00005899
47.58834839,0.00003514
47.61219025,0.00002115
47.63603210,0.00014691
47.65987396,0.00025418
47.68371582,0.00015988
47.70755768,0.00016432
47.73139954,0.00016885
47.75524139,0.00016584
47.77908325,0.00015365
47.80292511,0.00008735
47.82676697,0.00002064
47.85060883,0.00007746
47.87445068,0.00013823
47.89829254,0.00016361
47.92213440,0.00012458
47.94597626,0.00001319
47.96981812,0.00011589
47.99365997,0.00012917
48.01750183,0.00003740
48.04134369,0.00009821
48.06518555,0.00008985
48.08902740,0.00009313
48.11286926,0.00005691
48.13671112,0.00008778
48.16055298,0.00007033
48.18439484,0.00024652
48.20823669,0.00049512
48.23207855,0.00043984
48.25592041,0.00018254
48.27976227,0.00012167
48.30360413,0.00005121
48.32744598,0.00004795
48.35128784,0.00003041
48.37512970,0.00009350
48.39897156,0.00015074
48.42281342,0.00015616
48.44665527,0.00016149
48.47049713,0.00009389
48.49433899,0.00002716
48.51818085,0.00005756
48.54202271,0.00007413
48.56586456,0.00008923
48.58970642,0.00007052
48.61354828,0.00011722
48.63739014,0.00010035
48.66123199,0.00013912
48.68507385,0.00011369
48.70891571,0.00002079
48.73275757,0.00003923
48.75659943,0.00011295
48.78044128,0.00012840
48.80428314,0.00006811
