Частота,A * B
(kГц),(?)

0.00000000,0.18542890
0.02384186,0.07808407
0.04768372,0.01252778
0.07152557,0.00002051
0.09536743,0.00002371
0.11920929,0.00002352
0.14305115,0.00006852
0.16689301,0.00007273
0.19073486,0.00003937
0.21457672,0.00000703
0.23841858,0.00002897
0.26226044,0.00001604
0.28610229,0.00001876
0.30994415,0.00004761
0.33378601,0.00010173
0.35762787,0.00011969
0.38146973,0.00008161
0.40531158,0.00007107
0.42915344,0.00008138
0.45299530,0.00006618
0.47683716,0.00008241
0.50067902,0.00008107
0.52452087,0.00006124
0.54836273,0.00005022
0.57220459,0.00003420
0.59604645,0.00001011
0.61988831,0.00005027
0.64373016,0.00007823
0.66757202,0.00007201
0.69141388,0.00006040
0.71525574,0.00006920
0.73909760,0.00007708
0.76293945,0.00007997
0.78678131,0.00004982
0.81062317,0.00003207
0.83446503,0.00005467
0.85830688,0.00006435
0.88214874,0.00003469
0.90599060,0.00004457
0.92983246,0.00005604
0.95367432,0.00157569
0.97751617,0.00869229
1.00135803,0.01369723
1.02519989,0.00765794
1.04904175,0.00108904
1.07288361,0.00006675
1.09672546,0.00003541
1.12056732,0.00003928
1.14440918,0.00003218
1.16825104,0.00001419
1.19209290,0.00002755
1.21593475,0.00003651
1.23977661,0.00005104
1.26361847,0.00002554
1.28746033,0.00002246
1.31130219,0.00005832
1.33514404,0.00009366
1.35898590,0.00010132
1.38282776,0.00008651
1.40666962,0.00005632
1.43051147,0.00004115
1.45435333,0.00002897
1.47819519,0.00002457
1.50203705,0.00001318
1.52587891,0.00002758
1.54972076,0.00005902
1.57356262,0.00006725
1.59740448,0.00005121
1.62124634,0.00005665
1.64508820,0.00006295
1.66893005,0.00007957
1.69277191,0.00004907
1.71661377,0.00003296
1.74045563,0.00003248
1.76429749,0.00002534
1.78813934,0.00006362
1.81198120,0.00003630
1.83582306,0.00001717
1.85966492,0.00003676
1.88350677,0.00006940
1.90734863,0.00005867
1.93119049,0.00005570
1.95503235,0.00248359
1.97887421,0.01310104
2.00271606,0.01956341
2.02655792,0.01030731
2.05039978,0.00132110
2.07424164,0.00003703
2.09808350,0.00003417
2.12192535,0.00003435
2.14576721,0.00001981
2.16960907,0.00002526
2.19345093,0.00001038
2.21729279,0.00004297
2.24113464,0.00006501
2.26497650,0.00006614
2.28881836,0.00004488
2.31266022,0.00005384
2.33650208,0.00008101
2.36034393,0.00006091
2.38418579,0.00006429
2.40802765,0.00006771
2.43186951,0.00005689
2.45571136,0.00005247
2.47955322,0.00007062
2.50339508,0.00010098
2.52723694,0.00007752
2.55107880,0.00005958
2.57492065,0.00007290
2.59876251,0.00004855
2.62260437,0.00002371
2.64644623,0.00000702
2.67028809,0.00003610
2.69412994,0.00006294
2.71797180,0.00005880
2.74181366,0.00003952
2.76565552,0.00003311
2.78949738,0.00005165
2.81333923,0.00005610
2.83718109,0.00010564
2.86102295,0.00008789
2.88486481,0.00000805
2.90870667,0.00002736
2.93254852,0.00002014
2.95639038,0.00008982
2.98023224,0.00039347
3.00407410,0.00058487
3.02791595,0.00031615
3.05175781,0.00006126
3.07559967,0.00002220
3.09944153,0.00004497
3.12328339,0.00003651
3.14712524,0.00002608
3.17096710,0.00001549
3.19480896,0.00003097
3.21865082,0.00007031
3.24249268,0.00006640
3.26633453,0.00007131
3.29017639,0.00007614
3.31401825,0.00006375
3.33786011,0.00007944
3.36170197,0.00007455
3.38554382,0.00003041
3.40938568,0.00002462
3.43322754,0.00006659
3.45706940,0.00008688
3.48091125,0.00005978
3.50475311,0.00001839
3.52859497,0.00002343
3.55243683,0.00002459
3.57627869,0.00005979
3.60012054,0.00005192
3.62396240,0.00003354
3.64780426,0.00004484
3.67164612,0.00006057
3.69548798,0.00004254
3.71932983,0.00006223
3.74317169,0.00005822
3.76701355,0.00000598
3.79085541,0.00004246
3.81469727,0.00003634
3.83853912,0.00009212
3.86238098,0.00006691
3.88622284,0.00002337
3.91006470,0.00005056
3.93390656,0.00007843
3.95774841,0.00015523
3.98159027,0.00037189
4.00543213,0.00043913
4.02927399,0.00018635
4.05311584,0.00002386
4.07695770,0.00006464
4.10079956,0.00003823
4.12464142,0.00001354
4.14848328,0.00003846
4.17232513,0.00006251
4.19616699,0.00002511
4.22000885,0.00004687
4.24385071,0.00005687
4.26769257,0.00005411
4.29153442,0.00003947
4.31537628,0.00003162
4.33921814,0.00006062
4.36306000,0.00004964
4.38690186,0.00000555
4.41074371,0.00002621
4.43458557,0.00004754
4.45842743,0.00008926
4.48226929,0.00008997
4.50611115,0.00007075
4.52995300,0.00002968
4.55379486,0.00001117
4.57763672,0.00003057
4.60147858,0.00002360
4.62532043,0.00002135
4.64916229,0.00004729
4.67300415,0.00005105
4.69684601,0.00004180
4.72068787,0.00005394
4.74452972,0.00005323
4.76837158,0.00003731
4.79221344,0.00008211
4.81605530,0.00011111
4.83989716,0.00005468
4.86373901,0.00000681
4.88758087,0.00000721
4.91142273,0.00003419
4.93526459,0.00003156
4.95910645,0.00003444
4.98294830,0.00005025
5.00679016,0.00003553
5.03063202,0.00001479
5.05447388,0.00001885
5.07831573,0.00003086
5.10215759,0.00002791
5.12599945,0.00003713
5.14984131,0.00005770
5.17368317,0.00001725
5.19752502,0.00004063
5.22136688,0.00005076
5.24520874,0.00005441
5.26905060,0.00005531
5.29289246,0.00004543
5.31673431,0.00004913
5.34057617,0.00005845
5.36441803,0.00002812
5.38825989,0.00002824
5.41210175,0.00002921
5.43594360,0.00003696
5.45978546,0.00008384
5.48362732,0.00009454
5.50746918,0.00008292
5.53131104,0.00005664
5.55515289,0.00003783
5.57899475,0.00001270
5.60283661,0.00004330
5.62667847,0.00006913
5.65052032,0.00006631
5.67436218,0.00007019
5.69820404,0.00002704
5.72204590,0.00003040
5.74588776,0.00004322
5.76972961,0.00005136
5.79357147,0.00002674
5.81741333,0.00001742
5.84125519,0.00003589
5.86509705,0.00004022
5.88893890,0.00005334
5.91278076,0.00003477
5.93662262,0.00000746
5.96046448,0.00001328
5.98430634,0.00001946
6.00814819,0.00002750
6.03199005,0.00002668
6.05583191,0.00006555
6.07967377,0.00004852
6.10351563,0.00004043
6.12735748,0.00003279
6.15119934,0.00005354
6.17504120,0.00008998
6.19888306,0.00009569
6.22272491,0.00008786
6.24656677,0.00006780
6.27040863,0.00003423
6.29425049,0.00000334
6.31809235,0.00001332
6.34193420,0.00002032
6.36577606,0.00001976
6.38961792,0.00003383
6.41345978,0.00003801
6.43730164,0.00001265
6.46114349,0.00004812
6.48498535,0.00005262
6.50882721,0.00007380
6.53266907,0.00008105
6.55651093,0.00005010
6.58035278,0.00001542
6.60419464,0.00004753
6.62803650,0.00004871
6.65187836,0.00005063
6.67572021,0.00004829
6.69956207,0.00003414
6.72340393,0.00002436
6.74724579,0.00002625
6.77108765,0.00005027
6.79492950,0.00005437
6.81877136,0.00000209
6.84261322,0.00006590
6.86645508,0.00007518
6.89029694,0.00004768
6.91413879,0.00003534
6.93798065,0.00002684
6.96182251,0.00001844
6.98566437,0.00001968
7.00950623,0.00003362
7.03334808,0.00005215
7.05718994,0.00003049
7.08103180,0.00006060
7.10487366,0.00008222
7.12871552,0.00005155
7.15255737,0.00001955
7.17639923,0.00007470
7.20024109,0.00013430
7.22408295,0.00012750
7.24792480,0.00007266
7.27176666,0.00003470
7.29560852,0.00004856
7.31945038,0.00005005
7.34329224,0.00005478
7.36713409,0.00005290
7.39097595,0.00001823
7.41481781,0.00002672
7.43865967,0.00007135
7.46250153,0.00009326
7.48634338,0.00006082
7.51018524,0.00003551
7.53402710,0.00005173
7.55786896,0.00003645
7.58171082,0.00003024
7.60555267,0.00001905
7.62939453,0.00003435
7.65323639,0.00005353
7.67707825,0.00004431
7.70092010,0.00001668
7.72476196,0.00001925
7.74860382,0.00002984
7.77244568,0.00000863
7.79628754,0.00002226
7.82012939,0.00001494
7.84397125,0.00003657
7.86781311,0.00005460
7.89165497,0.00004629
7.91549683,0.00002320
7.93933868,0.00002842
7.96318054,0.00004586
7.98702240,0.00002317
8.01086426,0.00002355
8.03470612,0.00006910
8.05854797,0.00007951
8.08238983,0.00003544
8.10623169,0.00001823
8.13007355,0.00003287
8.15391541,0.00007037
8.17775726,0.00003224
8.20159912,0.00002775
8.22544098,0.00003240
8.24928284,0.00004445
8.27312469,0.00005721
8.29696655,0.00003863
8.32080841,0.00003406
8.34465027,0.00003402
8.36849213,0.00006290
8.39233398,0.00005685
8.41617584,0.00002421
8.44001770,0.00001453
8.46385956,0.00002203
8.48770142,0.00002066
8.51154327,0.00001873
8.53538513,0.00003450
8.55922699,0.00004798
8.58306885,0.00004700
8.60691071,0.00003709
8.63075256,0.00003072
8.65459442,0.00001136
8.67843628,0.00004932
8.70227814,0.00007025
8.72612000,0.00008197
8.74996185,0.00010055
8.77380371,0.00005472
8.79764557,0.00003037
8.82148743,0.00002966
8.84532928,0.00000799
8.86917114,0.00000541
8.89301300,0.00003515
8.91685486,0.00003623
8.94069672,0.00004600
8.96453857,0.00005160
8.98838043,0.00003840
9.01222229,0.00006788
9.03606415,0.00006383
9.05990601,0.00001781
9.08374786,0.00004793
9.10758972,0.00004218
9.13143158,0.00004929
9.15527344,0.00006066
9.17911530,0.00007856
9.20295715,0.00006983
9.22679901,0.00004692
9.25064087,0.00003000
9.27448273,0.00001498
9.29832458,0.00002877
9.32216644,0.00004941
9.34600830,0.00005806
9.36985016,0.00005340
9.39369202,0.00003854
9.41753387,0.00004102
9.44137573,0.00001465
9.46521759,0.00003849
9.48905945,0.00005293
9.51290131,0.00004551
9.53674316,0.00001075
9.56058502,0.00001949
9.58442688,0.00002939
9.60826874,0.00000978
9.63211060,0.00002445
9.65595245,0.00001948
9.67979431,0.00000460
9.70363617,0.00002170
9.72747803,0.00003164
9.75131989,0.00005861
9.77516174,0.00008497
9.79900360,0.00009892
9.82284546,0.00005436
9.84668732,0.00002914
9.87052917,0.00004869
9.89437103,0.00002367
9.91821289,0.00001938
9.94205475,0.00003765
9.96589661,0.00003628
9.98973846,0.00005843
10.01358032,0.00006829
10.03742218,0.00005617
10.06126404,0.00003483
10.08510590,0.00002479
10.10894775,0.00001007
10.13278961,0.00001010
10.15663147,0.00001837
10.18047333,0.00001665
10.20431519,0.00001277
10.22815704,0.00002972
10.25199890,0.00003961
10.27584076,0.00003461
10.29968262,0.00003286
10.32352448,0.00005892
10.34736633,0.00007644
10.37120819,0.00006156
10.39505005,0.00004929
10.41889191,0.00006033
10.44273376,0.00003177
10.46657562,0.00001866
10.49041748,0.00001694
10.51425934,0.00003214
10.53810120,0.00004590
10.56194305,0.00000944
10.58578491,0.00003983
10.60962677,0.00003439
10.63346863,0.00002336
10.65731049,0.00003761
10.68115234,0.00002503
10.70499420,0.00002591
10.72883606,0.00005369
10.75267792,0.00008225
10.77651978,0.00005997
10.80036163,0.00002475
10.82420349,0.00005891
10.84804535,0.00006025
10.87188721,0.00000770
10.89572906,0.00003228
10.91957092,0.00002583
10.94341278,0.00003250
10.96725464,0.00005577
10.99109650,0.00007280
11.01493835,0.00008217
11.03878021,0.00008868
11.06262207,0.00006811
11.08646393,0.00006407
11.11030579,0.00006785
11.13414764,0.00005119
11.15798950,0.00000591
11.18183136,0.00000108
11.20567322,0.00003019
11.22951508,0.00004497
11.25335693,0.00001416
11.27719879,0.00006056
11.30104065,0.00003267
11.32488251,0.00002677
11.34872437,0.00006855
11.37256622,0.00007680
11.39640808,0.00004299
11.42024994,0.00001119
11.44409180,0.00001637
11.46793365,0.00003089
11.49177551,0.00004135
11.51561737,0.00004969
11.53945923,0.00005374
11.56330109,0.00003325
11.58714294,0.00000830
11.61098480,0.00001939
11.63482666,0.00003299
11.65866852,0.00007233
11.68251038,0.00005660
11.70635223,0.00002565
11.73019409,0.00004917
11.75403595,0.00005041
11.77787781,0.00004260
11.80171967,0.00002160
11.82556152,0.00002996
11.84940338,0.00004176
11.87324524,0.00004132
11.89708710,0.00007620
11.92092896,0.00010042
11.94477081,0.00007647
11.96861267,0.00005632
11.99245453,0.00005553
12.01629639,0.00002110
12.04013824,0.00002240
12.06398010,0.00002567
12.08782196,0.00007317
12.11166382,0.00005258
12.13550568,0.00001670
12.15934753,0.00002986
12.18318939,0.00003459
12.20703125,0.00003497
12.23087311,0.00003811
12.25471497,0.00006304
12.27855682,0.00003635
12.30239868,0.00005097
12.32624054,0.00005833
12.35008240,0.00004471
12.37392426,0.00004299
12.39776611,0.00003999
12.42160797,0.00003287
12.44544983,0.00003053
12.46929169,0.00004449
12.49313354,0.00005242
12.51697540,0.00003703
12.54081726,0.00004687
12.56465912,0.00006236
12.58850098,0.00004942
12.61234283,0.00004019
12.63618469,0.00005976
12.66002655,0.00002774
12.68386841,0.00004397
12.70771027,0.00006367
12.73155212,0.00000958
12.75539398,0.00003420
12.77923584,0.00003684
12.80307770,0.00005318
12.82691956,0.00005274
12.85076141,0.00003022
12.87460327,0.00002231
12.89844513,0.00003221
12.92228699,0.00004050
12.94612885,0.00002759
12.96997070,0.00003836
12.99381256,0.00005099
13.01765442,0.00004416
13.04149628,0.00005554
13.06533813,0.00008737
13.08917999,0.00008227
13.11302185,0.00005228
13.13686371,0.00003959
13.16070557,0.00003570
13.18454742,0.00004620
13.20838928,0.00004581
13.23223114,0.00002692
13.25607300,0.00007228
13.27991486,0.00007598
13.30375671,0.00004672
13.32759857,0.00000754
13.35144043,0.00003357
13.37528229,0.00006179
13.39912415,0.00007738
13.42296600,0.00007754
13.44680786,0.00009664
13.47064972,0.00010011
13.49449158,0.00007704
13.51833344,0.00004802
13.54217529,0.00001515
13.56601715,0.00004526
13.58985901,0.00004809
13.61370087,0.00001914
13.63754272,0.00001798
13.66138458,0.00003411
13.68522644,0.00003200
13.70906830,0.00006425
13.73291016,0.00009483
13.75675201,0.00006443
13.78059387,0.00001305
13.80443573,0.00003520
13.82827759,0.00002393
13.85211945,0.00001960
13.87596130,0.00002338
13.89980316,0.00002471
13.92364502,0.00004648
13.94748688,0.00004900
13.97132874,0.00002936
13.99517059,0.00003022
14.01901245,0.00000790
14.04285431,0.00002585
14.06669617,0.00005937
14.09053802,0.00006292
14.11437988,0.00004226
14.13822174,0.00000635
14.16206360,0.00004500
14.18590546,0.00004032
14.20974731,0.00001580
14.23358917,0.00000831
14.25743103,0.00003225
14.28127289,0.00003496
14.30511475,0.00002815
14.32895660,0.00002855
14.35279846,0.00005543
14.37664032,0.00003910
14.40048218,0.00005701
14.42432404,0.00007203
14.44816589,0.00004373
14.47200775,0.00005817
14.49584961,0.00005363
14.51969147,0.00005986
14.54353333,0.00006097
14.56737518,0.00004065
14.59121704,0.00005506
14.61505890,0.00004192
14.63890076,0.00001762
14.66274261,0.00002330
14.68658447,0.00001054
14.71042633,0.00002026
14.73426819,0.00002973
14.75811005,0.00003289
14.78195190,0.00004909
14.80579376,0.00006896
14.82963562,0.00006899
14.85347748,0.00005211
14.87731934,0.00003943
14.90116119,0.00004958
14.92500305,0.00006473
14.94884491,0.00005901
14.97268677,0.00006205
14.99652863,0.00007950
15.02037048,0.00007728
15.04421234,0.00004114
15.06805420,0.00006726
15.09189606,0.00005058
15.11573792,0.00003427
15.13957977,0.00006018
15.16342163,0.00007525
15.18726349,0.00002199
15.21110535,0.00007674
15.23494720,0.00012010
15.25878906,0.00008001
15.28263092,0.00003579
15.30647278,0.00006380
15.33031464,0.00006955
15.35415649,0.00005058
15.37799835,0.00002725
15.40184021,0.00004349
15.42568207,0.00003603
15.44952393,0.00000828
15.47336578,0.00002247
15.49720764,0.00001865
15.52104950,0.00002374
15.54489136,0.00004678
15.56873322,0.00008217
15.59257507,0.00007018
15.61641693,0.00006586
15.64025879,0.00003248
15.66410065,0.00002913
15.68794250,0.00003186
15.71178436,0.00006359
15.73562622,0.00007090
15.75946808,0.00002927
15.78330994,0.00003341
15.80715179,0.00003406
15.83099365,0.00002405
15.85483551,0.00003553
15.87867737,0.00004919
15.90251923,0.00005676
15.92636108,0.00005444
15.95020294,0.00004842
15.97404480,0.00004311
15.99788666,0.00005553
16.02172852,0.00004755
16.04557037,0.00002496
16.06941223,0.00001410
16.09325409,0.00000358
16.11709595,0.00003906
16.14093781,0.00007003
16.16477966,0.00002694
16.18862152,0.00007109
16.21246338,0.00010961
16.23630524,0.00009616
16.26014709,0.00005406
16.28398895,0.00008282
16.30783081,0.00010104
16.33167267,0.00009640
16.35551453,0.00008789
16.37935638,0.00008162
16.40319824,0.00007095
16.42704010,0.00002261
16.45088196,0.00003716
16.47472382,0.00003554
16.49856567,0.00006765
16.52240753,0.00001658
16.54624939,0.00002243
16.57009125,0.00001485
16.59393311,0.00002508
16.61777496,0.00002681
16.64161682,0.00002048
16.66545868,0.00004438
16.68930054,0.00006852
16.71314240,0.00004188
16.73698425,0.00002774
16.76082611,0.00005253
16.78466797,0.00004457
16.80850983,0.00002676
16.83235168,0.00003318
16.85619354,0.00005913
16.88003540,0.00005032
16.90387726,0.00000817
16.92771912,0.00005349
16.95156097,0.00006414
16.97540283,0.00006171
16.99924469,0.00006654
17.02308655,0.00004556
17.04692841,0.00007163
17.07077026,0.00006342
17.09461212,0.00001434
17.11845398,0.00001051
17.14229584,0.00002308
17.16613770,0.00004552
17.18997955,0.00009452
17.21382141,0.00012589
17.23766327,0.00007279
17.26150513,0.00000815
17.28534698,0.00002817
17.30918884,0.00003927
17.33303070,0.00004947
17.35687256,0.00004213
17.38071442,0.00005050
17.40455627,0.00007989
17.42839813,0.00006754
17.45223999,0.00003040
17.47608185,0.00001909
17.49992371,0.00002016
17.52376556,0.00004196
17.54760742,0.00005148
17.57144928,0.00002401
17.59529114,0.00003289
17.61913300,0.00004877
17.64297485,0.00005982
17.66681671,0.00004764
17.69065857,0.00002267
17.71450043,0.00001273
17.73834229,0.00001466
17.76218414,0.00000676
17.78602600,0.00004507
17.80986786,0.00007170
17.83370972,0.00008338
17.85755157,0.00008574
17.88139343,0.00004343
17.90523529,0.00001127
17.92907715,0.00001595
17.95291901,0.00005645
17.97676086,0.00009349
18.00060272,0.00004824
18.02444458,0.00002929
18.04828644,0.00005753
18.07212830,0.00003275
18.09597015,0.00004487
18.11981201,0.00001073
18.14365387,0.00003673
18.16749573,0.00002428
18.19133759,0.00002373
18.21517944,0.00002115
18.23902130,0.00000570
18.26286316,0.00003238
18.28670502,0.00006064
18.31054688,0.00009289
18.33438873,0.00009338
18.35823059,0.00005999
18.38207245,0.00004252
18.40591431,0.00003343
18.42975616,0.00002869
18.45359802,0.00003938
18.47743988,0.00003466
18.50128174,0.00005572
18.52512360,0.00004987
18.54896545,0.00002727
18.57280731,0.00007782
18.59664917,0.00005327
18.62049103,0.00003286
18.64433289,0.00005108
18.66817474,0.00004190
18.69201660,0.00008314
18.71585846,0.00005497
18.73970032,0.00002384
18.76354218,0.00003958
18.78738403,0.00004179
18.81122589,0.00004105
18.83506775,0.00004530
18.85890961,0.00005194
18.88275146,0.00005098
18.90659332,0.00001460
18.93043518,0.00006943
18.95427704,0.00008506
18.97811890,0.00004670
19.00196075,0.00005293
19.02580261,0.00008185
19.04964447,0.00008386
19.07348633,0.00003843
19.09732819,0.00007551
19.12117004,0.00006870
19.14501190,0.00006851
19.16885376,0.00008851
19.19269562,0.00007829
19.21653748,0.00002998
19.24037933,0.00002526
19.26422119,0.00001652
19.28806305,0.00005667
19.31190491,0.00008177
19.33574677,0.00007669
19.35958862,0.00005111
19.38343048,0.00002461
19.40727234,0.00002092
19.43111420,0.00000399
19.45495605,0.00002326
19.47879791,0.00001557
19.50263977,0.00003251
19.52648163,0.00003991
19.55032349,0.00001543
19.57416534,0.00001007
19.59800720,0.00003324
19.62184906,0.00005582
19.64569092,0.00003529
19.66953278,0.00006009
19.69337463,0.00004878
19.71721649,0.00004874
19.74105835,0.00005096
19.76490021,0.00003816
19.78874207,0.00002725
19.81258392,0.00001653
19.83642578,0.00003788
19.86026764,0.00005875
19.88410950,0.00006335
19.90795135,0.00002854
19.93179321,0.00001379
19.95563507,0.00002850
19.97947693,0.00003492
20.00331879,0.00003155
20.02716064,0.00006540
20.05100250,0.00002555
20.07484436,0.00004427
20.09868622,0.00004535
20.12252808,0.00005024
20.14636993,0.00001925
20.17021179,0.00002809
20.19405365,0.00002380
20.21789551,0.00002142
20.24173737,0.00003610
20.26557922,0.00002948
20.28942108,0.00002926
20.31326294,0.00001244
20.33710480,0.00005009
20.36094666,0.00009412
20.38478851,0.00008400
20.40863037,0.00003423
20.43247223,0.00002768
20.45631409,0.00003071
20.48015594,0.00005154
20.50399780,0.00006398
20.52783966,0.00007333
20.55168152,0.00004895
20.57552338,0.00001675
20.59936523,0.00003213
20.62320709,0.00000977
20.64704895,0.00004136
20.67089081,0.00004090
20.69473267,0.00001893
20.71857452,0.00004068
20.74241638,0.00007127
20.76625824,0.00005035
20.79010010,0.00001595
20.81394196,0.00000339
20.83778381,0.00002138
20.86162567,0.00005878
20.88546753,0.00006991
20.90930939,0.00006156
20.93315125,0.00003570
20.95699310,0.00002757
20.98083496,0.00004830
21.00467682,0.00006507
21.02851868,0.00002963
21.05236053,0.00005049
21.07620239,0.00011140
21.10004425,0.00010009
21.12388611,0.00003611
21.14772797,0.00003033
21.17156982,0.00000644
21.19541168,0.00001438
21.21925354,0.00004237
21.24309540,0.00008723
21.26693726,0.00006087
21.29077911,0.00004316
21.31462097,0.00010925
21.33846283,0.00008965
21.36230469,0.00004125
21.38614655,0.00005487
21.40998840,0.00003126
21.43383026,0.00001759
21.45767212,0.00004859
21.48151398,0.00006840
21.50535583,0.00003479
21.52919769,0.00001645
21.55303955,0.00000480
21.57688141,0.00004050
21.60072327,0.00005410
21.62456512,0.00004183
21.64840698,0.00004153
21.67224884,0.00004917
21.69609070,0.00003993
21.71993256,0.00003505
21.74377441,0.00000350
21.76761627,0.00000508
21.79145813,0.00001447
21.81529999,0.00003664
21.83914185,0.00006370
21.86298370,0.00005794
21.88682556,0.00001889
21.91066742,0.00004459
21.93450928,0.00002042
21.95835114,0.00006307
21.98219299,0.00008573
22.00603485,0.00006706
22.02987671,0.00005351
22.05371857,0.00003867
22.07756042,0.00003952
22.10140228,0.00003065
22.12524414,0.00000843
22.14908600,0.00001671
22.17292786,0.00002549
22.19676971,0.00006963
22.22061157,0.00012445
22.24445343,0.00011789
22.26829529,0.00006134
22.29213715,0.00003236
22.31597900,0.00002224
22.33982086,0.00002008
22.36366272,0.00003425
22.38750458,0.00001619
22.41134644,0.00001273
22.43518829,0.00000844
22.45903015,0.00002304
22.48287201,0.00003839
22.50671387,0.00003749
22.53055573,0.00005326
22.55439758,0.00007702
22.57823944,0.00008455
22.60208130,0.00005000
22.62592316,0.00005455
22.64976501,0.00017040
22.67360687,0.00018049
22.69744873,0.00009563
22.72129059,0.00002884
22.74513245,0.00005154
22.76897430,0.00012777
22.79281616,0.00012674
22.81665802,0.00011107
22.84049988,0.00010875
22.86434174,0.00007719
22.88818359,0.00009967
22.91202545,0.00011286
22.93586731,0.00004414
22.95970917,0.00006335
22.98355103,0.00015963
23.00739288,0.00019436
23.03123474,0.00013725
23.05507660,0.00003128
23.07891846,0.00004376
23.10276031,0.00006743
23.12660217,0.00005542
23.15044403,0.00006121
23.17428589,0.00009391
23.19812775,0.00013366
23.22196960,0.00012283
23.24581146,0.00006206
23.26965332,0.00007481
23.29349518,0.00007978
23.31733704,0.00006705
23.34117889,0.00008228
23.36502075,0.00006074
23.38886261,0.00005875
23.41270447,0.00007522
23.43654633,0.00010264
23.46038818,0.00008721
23.48423004,0.00006233
23.50807190,0.00003590
23.53191376,0.00001184
23.55575562,0.00001523
23.57959747,0.00001843
23.60343933,0.00003519
23.62728119,0.00005806
23.65112305,0.00006392
23.67496490,0.00003013
23.69880676,0.00006008
23.72264862,0.00008576
23.74649048,0.00004320
23.77033234,0.00000533
23.79417419,0.00004767
23.81801605,0.00004518
23.84185791,0.00002865
23.86569977,0.00003938
23.88954163,0.00004672
23.91338348,0.00005555
23.93722534,0.00007484
23.96106720,0.00009349
23.98490906,0.00039643
24.00875092,0.00045922
24.03259277,0.00018139
24.05643463,0.00005501
24.08027649,0.00006907
24.10411835,0.00006187
24.12796021,0.00004595
24.15180206,0.00000199
24.17564392,0.00005988
24.19948578,0.00005905
24.22332764,0.00001102
24.24716949,0.00004683
24.27101135,0.00005003
24.29485321,0.00003525
24.31869507,0.00006445
24.34253693,0.00011239
24.36637878,0.00009084
24.39022064,0.00005990
24.41406250,0.00002612
24.43790436,0.00002555
24.46174622,0.00003881
24.48558807,0.00005479
24.50942993,0.00005307
24.53327179,0.00002434
24.55711365,0.00004907
24.58095551,0.00006239
24.60479736,0.00005374
24.62863922,0.00003654
24.65248108,0.00005485
24.67632294,0.00002016
24.70016479,0.00003899
24.72400665,0.00005466
24.74784851,0.00006320
24.77169037,0.00006002
24.79553223,0.00004731
24.81937408,0.00007488
24.84321594,0.00009683
24.86705780,0.00006865
24.89089966,0.00003779
24.91474152,0.00001538
24.93858337,0.00001535
24.96242523,0.00023887
24.98626709,0.00077635
25.01010895,0.00082396
25.03395081,0.00031728
25.05779266,0.00008658
25.08163452,0.00007681
25.10547638,0.00002951
25.12931824,0.00002642
25.15316010,0.00002027
25.17700195,0.00003412
25.20084381,0.00010372
25.22468567,0.00012089
25.24852753,0.00005559
25.27236938,0.00000232
25.29621124,0.00003224
25.32005310,0.00006227
25.34389496,0.00011961
25.36773682,0.00016702
25.39157867,0.00011981
25.41542053,0.00007512
25.43926239,0.00000535
25.46310425,0.00002546
25.48694611,0.00002465
25.51078796,0.00002301
25.53462982,0.00001751
25.55847168,0.00002593
25.58231354,0.00001639
25.60615540,0.00003219
25.62999725,0.00005000
25.65383911,0.00009101
25.67768097,0.00008761
25.70152283,0.00003678
25.72536469,0.00001900
25.74920654,0.00003374
25.77304840,0.00006095
25.79689026,0.00008459
25.82073212,0.00005539
25.84457397,0.00002326
25.86841583,0.00002678
25.89225769,0.00005041
25.91609955,0.00005046
25.93994141,0.00006840
25.96378326,0.00016146
25.98762512,0.00041748
26.01146698,0.00040868
26.03530884,0.00011350
26.05915070,0.00007248
26.08299255,0.00005270
26.10683441,0.00004505
26.13067627,0.00009402
26.15451813,0.00005999
26.17835999,0.00003241
26.20220184,0.00003747
26.22604370,0.00006018
26.24988556,0.00004988
26.27372742,0.00003409
26.29756927,0.00006721
26.32141113,0.00004069
26.34525299,0.00002767
26.36909485,0.00004889
26.39293671,0.00004755
26.41677856,0.00002758
26.44062042,0.00000772
26.46446228,0.00002771
26.48830414,0.00005711
26.51214600,0.00006204
26.53598785,0.00002241
26.55982971,0.00000589
26.58367157,0.00003319
26.60751343,0.00004188
26.63135529,0.00004484
26.65519714,0.00005396
26.67903900,0.00008692
26.70288086,0.00010862
26.72672272,0.00009612
26.75056458,0.00005399
26.77440643,0.00003756
26.79824829,0.00006700
26.82209015,0.00005344
26.84593201,0.00002663
26.86977386,0.00004019
26.89361572,0.00004569
26.91745758,0.00001958
26.94129944,0.00002628
26.96514130,0.00002965
26.98898315,0.00011514
27.01282501,0.00010934
27.03666687,0.00000331
27.06050873,0.00006540
27.08435059,0.00006195
27.10819244,0.00001868
27.13203430,0.00005966
27.15587616,0.00006118
27.17971802,0.00003404
27.20355988,0.00000104
27.22740173,0.00002106
27.25124359,0.00002101
27.27508545,0.00003313
27.29892731,0.00006621
27.32276917,0.00014294
27.34661102,0.00016183
27.37045288,0.00004948
27.39429474,0.00006868
27.41813660,0.00008714
27.44197845,0.00004796
27.46582031,0.00005078
27.48966217,0.00007572
27.51350403,0.00007028
27.53734589,0.00004595
27.56118774,0.00000764
27.58502960,0.00002315
27.60887146,0.00002742
27.63271332,0.00002919
27.65655518,0.00004441
27.68039703,0.00007605
27.70423889,0.00006889
27.72808075,0.00004365
27.75192261,0.00002720
27.77576447,0.00000425
27.79960632,0.00003387
27.82344818,0.00002638
27.84729004,0.00001743
27.87113190,0.00001964
27.89497375,0.00004171
27.91881561,0.00003262
27.94265747,0.00002759
27.96649933,0.00005454
27.99034119,0.00009777
28.01418304,0.00011168
28.03802490,0.00006964
28.06186676,0.00003349
28.08570862,0.00003829
28.10955048,0.00002030
28.13339233,0.00001826
28.15723419,0.00004767
28.18107605,0.00007291
28.20491791,0.00005847
28.22875977,0.00002934
28.25260162,0.00001626
28.27644348,0.00002497
28.30028534,0.00003539
28.32412720,0.00001643
28.34796906,0.00004648
28.37181091,0.00004713
28.39565277,0.00002542
28.41949463,0.00003937
28.44333649,0.00004094
28.46717834,0.00004254
28.49102020,0.00005254
28.51486206,0.00004720
28.53870392,0.00003347
28.56254578,0.00005097
28.58638763,0.00007161
28.61022949,0.00005248
28.63407135,0.00004563
28.65791321,0.00001805
28.68175507,0.00002832
28.70559692,0.00001554
28.72943878,0.00002369
28.75328064,0.00005255
28.77712250,0.00002045
28.80096436,0.00003724
28.82480621,0.00004252
28.84864807,0.00001903
28.87248993,0.00003632
28.89633179,0.00005388
28.92017365,0.00006263
28.94401550,0.00009575
28.96785736,0.00009546
28.99169922,0.00005101
29.01554108,0.00002641
29.03938293,0.00000493
29.06322479,0.00002659
29.08706665,0.00004729
29.11090851,0.00003342
29.13475037,0.00001746
29.15859222,0.00004497
29.18243408,0.00005831
29.20627594,0.00006651
29.23011780,0.00003516
29.25395966,0.00003234
29.27780151,0.00003958
29.30164337,0.00006505
29.32548523,0.00005805
29.34932709,0.00005142
29.37316895,0.00005244
29.39701080,0.00004343
29.42085266,0.00005254
29.44469452,0.00005714
29.46853638,0.00005266
29.49237823,0.00002449
29.51622009,0.00002428
29.54006195,0.00004382
29.56390381,0.00003106
29.58774567,0.00001546
29.61158752,0.00005520
29.63542938,0.00002901
29.65927124,0.00005404
29.68311310,0.00005863
29.70695496,0.00002055
29.73079681,0.00004374
29.75463867,0.00007001
29.77848053,0.00007807
29.80232239,0.00005671
29.82616425,0.00003520
29.85000610,0.00002225
29.87384796,0.00004344
29.89768982,0.00002434
29.92153168,0.00004436
29.94537354,0.00003051
29.96921539,0.00000979
29.99305725,0.00004451
30.01689911,0.00008273
30.04074097,0.00008892
30.06458282,0.00007792
30.08842468,0.00006164
30.11226654,0.00005499
30.13610840,0.00009341
30.15995026,0.00006653
30.18379211,0.00002246
30.20763397,0.00006645
30.23147583,0.00004531
30.25531769,0.00007302
30.27915955,0.00008006
30.30300140,0.00006355
30.32684326,0.00004408
30.35068512,0.00002028
30.37452698,0.00002652
30.39836884,0.00004660
30.42221069,0.00007597
30.44605255,0.00006166
30.46989441,0.00005480
30.49373627,0.00005826
30.51757813,0.00006754
30.54141998,0.00006628
30.56526184,0.00004477
30.58910370,0.00000604
30.61294556,0.00003896
30.63678741,0.00003479
30.66062927,0.00003735
30.68447113,0.00002842
30.70831299,0.00001565
30.73215485,0.00001057
30.75599670,0.00002539
30.77983856,0.00007662
30.80368042,0.00008534
30.82752228,0.00007575
30.85136414,0.00003962
30.87520599,0.00002188
30.89904785,0.00004811
30.92288971,0.00004280
30.94673157,0.00004352
30.97057343,0.00004469
30.99441528,0.00001888
31.01825714,0.00002870
31.04209900,0.00002621
31.06594086,0.00002605
31.08978271,0.00001580
31.11362457,0.00004676
31.13746643,0.00005290
31.16130829,0.00000538
31.18515015,0.00000597
31.20899200,0.00001472
31.23283386,0.00006711
31.25667572,0.00006966
31.28051758,0.00001568
31.30435944,0.00004982
31.32820129,0.00005310
31.35204315,0.00005609
31.37588501,0.00003256
31.39972687,0.00009238
31.42356873,0.00009640
31.44741058,0.00004426
31.47125244,0.00001906
31.49509430,0.00006328
31.51893616,0.00006077
31.54277802,0.00003088
31.56661987,0.00005384
31.59046173,0.00004731
31.61430359,0.00000827
31.63814545,0.00003908
31.66198730,0.00004055
31.68582916,0.00005058
31.70967102,0.00004374
31.73351288,0.00003941
31.75735474,0.00003781
31.78119659,0.00002220
31.80503845,0.00001610
31.82888031,0.00001908
31.85272217,0.00001448
31.87656403,0.00002480
31.90040588,0.00007888
31.92424774,0.00008195
31.94808960,0.00005922
31.97193146,0.00005282
31.99577332,0.00003196
32.01961517,0.00001611
32.04345703,0.00003429
32.06729889,0.00004551
32.09114075,0.00002151
32.11498260,0.00004629
32.13882446,0.00010332
32.16266632,0.00008980
32.18650818,0.00003528
32.21035004,0.00002094
32.23419189,0.00004686
32.25803375,0.00004003
32.28187561,0.00005948
32.30571747,0.00005539
32.32955933,0.00002138
32.35340118,0.00002323
32.37724304,0.00005375
32.40108490,0.00006372
32.42492676,0.00005781
32.44876862,0.00003397
32.47261047,0.00002154
32.49645233,0.00003480
32.52029419,0.00003493
32.54413605,0.00000908
32.56797791,0.00002672
32.59181976,0.00003347
32.61566162,0.00002358
32.63950348,0.00001664
32.66334534,0.00003982
32.68718719,0.00002350
32.71102905,0.00003016
32.73487091,0.00003732
32.75871277,0.00004327
32.78255463,0.00007067
32.80639648,0.00003631
32.83023834,0.00000785
32.85408020,0.00001065
32.87792206,0.00000865
32.90176392,0.00004442
32.92560577,0.00006652
32.94944763,0.00002420
32.97328949,0.00001871
32.99713135,0.00001918
33.02097321,0.00000087
33.04481506,0.00004335
33.06865692,0.00004603
33.09249878,0.00001956
33.11634064,0.00000973
33.14018250,0.00005415
33.16402435,0.00008355
33.18786621,0.00006055
33.21170807,0.00006040
33.23554993,0.00006526
33.25939178,0.00002970
33.28323364,0.00002109
33.30707550,0.00001468
33.33091736,0.00001180
33.35475922,0.00003544
33.37860107,0.00004433
33.40244293,0.00006509
33.42628479,0.00008209
33.45012665,0.00007324
33.47396851,0.00003487
33.49781036,0.00002853
33.52165222,0.00003642
33.54549408,0.00000283
33.56933594,0.00003334
33.59317780,0.00005244
33.61701965,0.00004994
33.64086151,0.00002224
33.66470337,0.00001489
33.68854523,0.00004618
33.71238708,0.00002538
33.73622894,0.00002635
33.76007080,0.00002186
33.78391266,0.00003583
33.80775452,0.00003761
33.83159637,0.00004469
33.85543823,0.00007874
33.87928009,0.00004336
33.90312195,0.00004743
33.92696381,0.00006372
33.95080566,0.00005102
33.97464752,0.00003990
33.99848938,0.00006238
34.02233124,0.00010762
34.04617310,0.00010774
34.07001495,0.00004335
34.09385681,0.00001974
34.11769867,0.00003224
34.14154053,0.00005309
34.16538239,0.00007416
34.18922424,0.00007739
34.21306610,0.00006832
34.23690796,0.00005745
34.26074982,0.00002523
34.28459167,0.00004717
34.30843353,0.00007238
34.33227539,0.00006905
34.35611725,0.00003564
34.37995911,0.00001965
34.40380096,0.00005786
34.42764282,0.00008734
34.45148468,0.00006693
34.47532654,0.00003678
34.49916840,0.00001432
34.52301025,0.00007542
34.54685211,0.00011668
34.57069397,0.00008011
34.59453583,0.00004134
34.61837769,0.00004581
34.64221954,0.00003722
34.66606140,0.00002333
34.68990326,0.00003243
34.71374512,0.00003847
34.73758698,0.00003091
34.76142883,0.00003472
34.78527069,0.00001935
34.80911255,0.00003767
34.83295441,0.00005686
34.85679626,0.00004304
34.88063812,0.00004900
34.90447998,0.00004951
34.92832184,0.00002362
34.95216370,0.00005878
34.97600555,0.00006586
34.99984741,0.00006296
35.02368927,0.00006383
35.04753113,0.00002664
35.07137299,0.00003786
35.09521484,0.00003984
35.11905670,0.00001343
35.14289856,0.00001208
35.16674042,0.00004109
35.19058228,0.00007112
35.21442413,0.00004945
35.23826599,0.00000919
35.26210785,0.00002862
35.28594971,0.00006390
35.30979156,0.00007606
35.33363342,0.00006365
35.35747528,0.00003444
35.38131714,0.00002312
35.40515900,0.00002794
35.42900085,0.00003202
35.45284271,0.00006768
35.47668457,0.00008639
35.50052643,0.00004806
35.52436829,0.00001036
35.54821014,0.00006362
35.57205200,0.00009721
35.59589386,0.00006619
35.61973572,0.00005097
35.64357758,0.00007799
35.66741943,0.00009751
35.69126129,0.00006780
35.71510315,0.00001355
35.73894501,0.00005887
35.76278687,0.00004506
35.78662872,0.00002166
35.81047058,0.00003851
35.83431244,0.00007233
35.85815430,0.00006663
35.88199615,0.00003339
35.90583801,0.00002220
35.92967987,0.00002719
35.95352173,0.00003140
35.97736359,0.00003966
36.00120544,0.00005385
36.02504730,0.00003826
36.04888916,0.00004291
36.07273102,0.00004119
36.09657288,0.00004894
36.12041473,0.00007649
36.14425659,0.00006008
36.16809845,0.00004957
36.19194031,0.00004957
36.21578217,0.00005965
36.23962402,0.00004788
36.26346588,0.00005510
36.28730774,0.00006671
36.31114960,0.00006533
36.33499146,0.00004669
36.35883331,0.00002817
36.38267517,0.00002725
36.40651703,0.00002752
36.43035889,0.00002984
36.45420074,0.00001035
36.47804260,0.00004107
36.50188446,0.00005779
36.52572632,0.00006352
36.54956818,0.00007097
36.57341003,0.00009363
36.59725189,0.00007397
36.62109375,0.00004475
36.64493561,0.00005360
36.66877747,0.00005479
36.69261932,0.00003708
36.71646118,0.00007566
36.74030304,0.00007822
36.76414490,0.00008055
36.78798676,0.00009063
36.81182861,0.00004352
36.83567047,0.00002397
36.85951233,0.00004169
36.88335419,0.00005138
36.90719604,0.00003648
36.93103790,0.00003341
36.95487976,0.00002267
36.97872162,0.00003353
37.00256348,0.00002494
37.02640533,0.00002109
37.05024719,0.00003247
37.07408905,0.00001330
37.09793091,0.00002416
37.12177277,0.00005049
37.14561462,0.00004957
37.16945648,0.00004204
37.19329834,0.00004003
37.21714020,0.00004049
37.24098206,0.00003347
37.26482391,0.00001676
37.28866577,0.00004225
37.31250763,0.00005045
37.33634949,0.00001318
37.36019135,0.00002291
37.38403320,0.00001366
37.40787506,0.00001863
37.43171692,0.00002953
37.45555878,0.00002455
37.47940063,0.00003953
37.50324249,0.00004086
37.52708435,0.00001822
37.55092621,0.00003231
37.57476807,0.00003381
37.59860992,0.00004124
37.62245178,0.00007600
37.64629364,0.00006208
37.67013550,0.00005257
37.69397736,0.00003120
37.71781921,0.00003307
37.74166107,0.00003712
37.76550293,0.00000798
37.78934479,0.00007516
37.81318665,0.00007801
37.83702850,0.00003091
37.86087036,0.00004450
37.88471222,0.00006349
37.90855408,0.00006391
37.93239594,0.00002916
37.95623779,0.00002773
37.98007965,0.00004775
38.00392151,0.00002927
38.02776337,0.00002558
38.05160522,0.00003221
38.07544708,0.00006866
38.09928894,0.00007434
38.12313080,0.00009864
38.14697266,0.00012538
38.17081451,0.00011279
38.19465637,0.00004426
38.21849823,0.00002698
38.24234009,0.00004080
38.26618195,0.00003652
38.29002380,0.00002845
38.31386566,0.00002253
38.33770752,0.00005642
38.36154938,0.00004890
38.38539124,0.00000726
38.40923309,0.00002255
38.43307495,0.00002083
38.45691681,0.00005842
38.48075867,0.00005604
38.50460052,0.00002860
38.52844238,0.00003882
38.55228424,0.00006004
38.57612610,0.00002326
38.59996796,0.00003642
38.62380981,0.00003570
38.64765167,0.00002091
38.67149353,0.00002835
38.69533539,0.00008094
38.71917725,0.00005502
38.74301910,0.00004346
38.76686096,0.00007243
38.79070282,0.00005121
38.81454468,0.00004576
38.83838654,0.00005534
38.86222839,0.00002626
38.88607025,0.00003387
38.90991211,0.00006268
38.93375397,0.00005577
38.95759583,0.00003786
38.98143768,0.00005207
39.00527954,0.00008507
39.02912140,0.00008902
39.05296326,0.00005298
39.07680511,0.00005924
39.10064697,0.00006220
39.12448883,0.00004047
39.14833069,0.00001821
39.17217255,0.00001005
39.19601440,0.00004116
39.21985626,0.00004130
39.24369812,0.00002887
39.26753998,0.00003873
39.29138184,0.00004287
39.31522369,0.00001620
39.33906555,0.00005343
39.36290741,0.00009176
39.38674927,0.00008403
39.41059113,0.00006635
39.43443298,0.00004318
39.45827484,0.00003339
39.48211670,0.00005289
39.50595856,0.00005653
39.52980042,0.00001197
39.55364227,0.00005188
39.57748413,0.00003092
39.60132599,0.00002895
39.62516785,0.00003413
39.64900970,0.00002123
39.67285156,0.00004818
39.69669342,0.00005514
39.72053528,0.00004656
39.74437714,0.00006465
39.76821899,0.00008273
39.79206085,0.00007056
39.81590271,0.00006245
39.83974457,0.00006780
39.86358643,0.00005348
39.88742828,0.00002900
39.91127014,0.00003506
39.93511200,0.00004353
39.95895386,0.00005627
39.98279572,0.00008606
40.00663757,0.00006387
40.03047943,0.00004117
40.05432129,0.00005347
40.07816315,0.00003718
40.10200500,0.00002248
40.12584686,0.00004752
40.14968872,0.00004090
40.17353058,0.00000581
40.19737244,0.00004796
40.22121429,0.00007194
40.24505615,0.00006864
40.26889801,0.00003635
40.29273987,0.00000500
40.31658173,0.00001540
40.34042358,0.00001547
40.36426544,0.00003774
40.38810730,0.00005428
40.41194916,0.00009160
40.43579102,0.00011029
40.45963287,0.00009558
40.48347473,0.00004962
40.50731659,0.00000686
40.53115845,0.00001690
40.55500031,0.00002011
40.57884216,0.00003560
40.60268402,0.00001934
40.62652588,0.00001006
40.65036774,0.00004209
40.67420959,0.00006318
40.69805145,0.00005742
40.72189331,0.00005726
40.74573517,0.00002500
40.76957703,0.00005151
40.79341888,0.00007580
40.81726074,0.00004853
40.84110260,0.00003999
40.86494446,0.00004792
40.88878632,0.00006783
40.91262817,0.00006423
40.93647003,0.00004746
40.96031189,0.00003755
40.98415375,0.00001827
41.00799561,0.00001822
41.03183746,0.00001871
41.05567932,0.00006257
41.07952118,0.00007416
41.10336304,0.00003288
41.12720490,0.00001946
41.15104675,0.00000822
41.17488861,0.00001128
41.19873047,0.00000580
41.22257233,0.00001601
41.24641418,0.00003491
41.27025604,0.00004415
41.29409790,0.00006547
41.31793976,0.00007578
41.34178162,0.00002642
41.36562347,0.00002034
41.38946533,0.00002945
41.41330719,0.00003583
41.43714905,0.00002854
41.46099091,0.00008760
41.48483276,0.00012750
41.50867462,0.00010876
41.53251648,0.00005989
41.55635834,0.00007331
41.58020020,0.00006376
41.60404205,0.00003526
41.62788391,0.00002415
41.65172577,0.00004835
41.67556763,0.00007161
41.69940948,0.00004185
41.72325134,0.00003575
41.74709320,0.00004269
41.77093506,0.00005560
41.79477692,0.00008919
41.81861877,0.00011771
41.84246063,0.00006091
41.86630249,0.00006418
41.89014435,0.00010091
41.91398621,0.00006699
41.93782806,0.00000747
41.96166992,0.00004683
41.98551178,0.00002077
42.00935364,0.00001977
42.03319550,0.00002589
42.05703735,0.00002872
42.08087921,0.00001835
42.10472107,0.00004629
42.12856293,0.00005292
42.15240479,0.00004191
42.17624664,0.00002585
42.20008850,0.00002854
42.22393036,0.00003324
42.24777222,0.00004609
42.27161407,0.00004763
42.29545593,0.00003199
42.31929779,0.00002051
42.34313965,0.00002231
42.36698151,0.00004684
42.39082336,0.00006244
42.41466522,0.00004738
42.43850708,0.00002160
42.46234894,0.00001649
42.48619080,0.00004487
42.51003265,0.00007747
42.53387451,0.00006152
42.55771637,0.00001322
42.58155823,0.00004304
42.60540009,0.00005167
42.62924194,0.00006487
42.65308380,0.00006118
42.67692566,0.00005337
42.70076752,0.00006579
42.72460938,0.00007449
42.74845123,0.00006834
42.77229309,0.00007307
42.79613495,0.00004693
42.81997681,0.00002597
42.84381866,0.00003229
42.86766052,0.00003811
42.89150238,0.00001780
42.91534424,0.00001434
42.93918610,0.00005351
42.96302795,0.00009358
42.98686981,0.00008135
43.01071167,0.00003644
43.03455353,0.00002707
43.05839539,0.00001089
43.08223724,0.00006370
43.10607910,0.00006698
43.12992096,0.00004775
43.15376282,0.00003508
43.17760468,0.00001617
43.20144653,0.00000851
43.22528839,0.00004588
43.24913025,0.00002600
43.27297211,0.00003235
43.29681396,0.00002667
43.32065582,0.00003008
43.34449768,0.00006418
43.36833954,0.00005449
43.39218140,0.00001033
43.41602325,0.00001237
43.43986511,0.00004479
43.46370697,0.00007198
43.48754883,0.00007349
43.51139069,0.00003081
43.53523254,0.00002464
43.55907440,0.00004179
43.58291626,0.00004132
43.60675812,0.00005389
43.63059998,0.00006500
43.65444183,0.00019453
43.67828369,0.00015642
43.70212555,0.00004412
43.72596741,0.00003572
43.74980927,0.00005797
43.77365112,0.00004728
43.79749298,0.00000465
43.82133484,0.00003827
43.84517670,0.00001776
43.86901855,0.00001775
43.89286041,0.00005076
43.91670227,0.00004958
43.94054413,0.00003206
43.96438599,0.00004697
43.98822784,0.00004265
44.01206970,0.00006758
44.03591156,0.00006865
44.05975342,0.00002809
44.08359528,0.00000516
44.10743713,0.00002260
44.13127899,0.00002332
44.15512085,0.00002027
44.17896271,0.00001074
44.20280457,0.00001203
44.22664642,0.00000775
44.25048828,0.00000837
44.27433014,0.00002124
44.29817200,0.00005019
44.32201385,0.00005792
44.34585571,0.00004907
44.36969757,0.00005154
44.39353943,0.00002596
44.41738129,0.00002778
44.44122314,0.00001658
44.46506500,0.00005998
44.48890686,0.00008092
44.51274872,0.00004262
44.53659058,0.00007226
44.56043243,0.00004703
44.58427429,0.00003919
44.60811615,0.00014556
44.63195801,0.00094812
44.65579987,0.00163951
44.67964172,0.00097606
44.70348358,0.00014533
44.72732544,0.00007418
44.75116730,0.00007027
44.77500916,0.00003669
44.79885101,0.00003290
44.82269287,0.00003939
44.84653473,0.00001289
44.87037659,0.00001774
44.89421844,0.00006491
44.91806030,0.00009480
44.94190216,0.00005794
44.96574402,0.00005829
44.98958588,0.00007787
45.01342773,0.00005361
45.03726959,0.00002514
45.06111145,0.00003262
45.08495331,0.00007562
45.10879517,0.00004539
45.13263702,0.00002897
45.15647888,0.00003502
45.18032074,0.00004568
45.20416260,0.00002617
45.22800446,0.00001007
45.25184631,0.00003066
45.27568817,0.00004937
45.29953003,0.00005932
45.32337189,0.00005548
45.34721375,0.00002485
45.37105560,0.00004858
45.39489746,0.00006182
45.41873932,0.00004380
45.44258118,0.00001897
45.46642303,0.00003470
45.49026489,0.00005956
45.51410675,0.00008527
45.53794861,0.00007262
45.56179047,0.00003182
45.58563232,0.00002662
45.60947418,0.00106551
45.63331604,0.00616643
45.65715790,0.00998814
45.68099976,0.00571242
45.70484161,0.00078962
45.72868347,0.00006267
45.75252533,0.00002134
45.77636719,0.00002574
45.80020905,0.00004630
45.82405090,0.00006840
45.84789276,0.00005009
45.87173462,0.00002460
45.89557648,0.00003827
45.91941833,0.00005214
45.94326019,0.00007563
45.96710205,0.00003369
45.99094391,0.00019351
46.01478577,0.00018535
46.03862762,0.00006516
46.06246948,0.00001044
46.08631134,0.00002081
46.11015320,0.00003014
46.13399506,0.00007931
46.15783691,0.00008462
46.18167877,0.00003877
46.20552063,0.00005114
46.22936249,0.00007645
46.25320435,0.00007061
46.27704620,0.00007446
46.30088806,0.00007962
46.32472992,0.00007337
46.34857178,0.00004386
46.37241364,0.00004137
46.39625549,0.00004444
46.42009735,0.00002379
46.44393921,0.00002509
46.46778107,0.00004448
46.49162292,0.00003338
46.51546478,0.00004131
46.53930664,0.00002634
46.56314850,0.00006610
46.58699036,0.00007560
46.61083221,0.00468807
46.63467407,0.02501799
46.65851593,0.03823426
46.68235779,0.02069116
46.70619965,0.00283375
46.73004150,0.00004887
46.75388336,0.00003849
46.77772522,0.00005146
46.80156708,0.00006122
46.82540894,0.00005824
46.84925079,0.00003938
46.87309265,0.00002821
46.89693451,0.00003609
46.92077637,0.00003418
46.94461823,0.00005531
46.96846008,0.00065799
46.99230194,0.00159029
47.01614380,0.00129463
47.03998566,0.00029374
47.06382751,0.00004777
47.08766937,0.00004232
47.11151123,0.00006679
47.13535309,0.00007343
47.15919495,0.00009542
47.18303680,0.00010144
47.20687866,0.00007257
47.23072052,0.00002437
47.25456238,0.00000552
47.27840424,0.00000626
47.30224609,0.00001860
47.32608795,0.00001292
47.34992981,0.00000711
47.37377167,0.00003022
47.39761353,0.00005739
47.42145538,0.00006668
47.44529724,0.00004343
47.46913910,0.00002048
47.49298096,0.00001116
47.51682281,0.00002609
47.54066467,0.00002427
47.56450653,0.00006701
47.58834839,0.00006946
47.61219025,0.00934083
47.63603210,0.04578122
47.65987396,0.06589606
47.68371582,0.03349157
47.70755768,0.00412065
47.73139954,0.00005465
47.75524139,0.00004071
47.77908325,0.00005735
47.80292511,0.00006882
47.82676697,0.00006475
47.85060883,0.00006303
47.87445068,0.00007223
47.89829254,0.00010175
47.92213440,0.00004676
47.94597626,0.00037200
47.96981812,0.00423274
47.99365997,0.00957888
48.01750183,0.00754437
48.04134369,0.00186873
48.06518555,0.00004162
48.08902740,0.00003006
48.11286926,0.00006460
48.13671112,0.00006009
48.16055298,0.00005635
48.18439484,0.00003525
48.20823669,0.00004146
48.23207855,0.00002764
48.25592041,0.00004519
48.27976227,0.00006475
48.30360413,0.00005592
48.32744598,0.00002903
48.35128784,0.00000805
48.37512970,0.00000374
48.39897156,0.00002958
48.42281342,0.00007686
48.44665527,0.00007165
48.47049713,0.00004089
48.49433899,0.00004651
48.51818085,0.00002668
48.54202271,0.00001939
48.56586456,0.00004108
48.58970642,0.00001918
48.61354828,0.00614312
48.63739014,0.02770314
48.66123199,0.03755675
48.68507385,0.01787149
48.70891571,0.00192467
48.73275757,0.00007114
48.75659943,0.00008914
48.78044128,0.00005508
48.80428314,0.00004729
